ALTITUDBIENMAXENT_recortado.asc
ncols        993
nrows        435
xllcorner    -105.258332676891
yllcorner    17.591666858876
cellsize     0.008333333771
NODATA_value -9999
[rows 216 to 251 of 435, columns 410 to 491 of 993]
1892 2073 1963 1860 1928 2052 2052 2200 2194 2223 2068 2147 2147 2278 2200 2126 2130 2133 2133 2196 2234 2165 2173 2177 2177 2201 2221 2223 2244 2302 2302 2558 2649 2561 2541 2660 2660 2723 2745 2752 2740 2887 2887 2776 2921 2938 2995 2960 2960 2918 2973 2823 2895 2783 2783 2968 2871 2817 2694 2571 2571 2442 2396 2322 2278 2137 2137 2120 2118 2019 1859 1680 1680 1648 1761 1664 1573 1624 1624 1767 1561 1548
1892 2073 1963 1860 1928 2052 2052 2200 2194 2223 2068 2147 2147 2278 2200 2126 2130 2133 2133 2196 2234 2165 2173 2177 2177 2201 2221 2223 2244 2302 2302 2558 2649 2561 2541 2660 2660 2723 2745 2752 2740 2887 2887 2776 2921 2938 2995 2960 2960 2918 2973 2823 2895 2783 2783 2968 2871 2817 2694 2571 2571 2442 2396 2322 2278 2137 2137 2120 2118 2019 1859 1680 1680 1648 1761 1664 1573 1624 1624 1767 1561 1548
1692 1764 1775 1813 1860 2031 2031 2049 2028 2093 2101 2113 2113 2181 2361 2206 2210 2228 2228 2191 2320 2248 2232 2318 2318 2266 2330 2281 2266 2321 2321 2353 2450 2514 2620 2647 2647 2691 2740 2790 2837 2777 2777 2879 2909 2892 3045 2999 2999 2865 2845 2777 2794 2749 2749 2885 2815 2698 2758 2677 2677 2587 2414 2336 2341 2229 2229 2085 2122 2063 2033 1941 1941 1843 1785 1666 1532 1532 1532 1753 1655 1321
1667 1683 1739 1773 1811 1931 1931 1982 2017 2061 2139 2209 2209 2158 2280 2211 2201 2240 2240 2241 2257 2305 2329 2382 2382 2379 2416 2486 2417 2424 2424 2445 2520 2587 2626 2641 2641 2824 2992 2892 2781 2732 2732 2731 2779 2867 2829 2750 2750 2665 2631 2582 2569 2514 2514 2478 2488 2502 2904 2643 2643 2548 2373 2277 2257 2260 2260 2207 2141 2124 2044 1877 1877 1801 1761 1750 1628 1512 1512 1454 1505 1310
1554 1637 1715 1679 1840 1900 1900 1979 2056 2179 2141 2181 2181 2214 2185 2233 2331 2316 2316 2376 2317 2317 2447 2400 2400 2391 2426 2461 2474 2509 2509 2503 2539 2613 2719 2670 2670 2700 2835 2825 2735 2652 2652 2623 2620 2731 2594 2681 2681 2634 2471 2401 2437 2422 2422 2422 2443 2443 2426 2370 2370 2377 2457 2410 2342 2367 2367 2241 2066 2048 1980 1940 1940 1805 1711 1669 1736 1856 1856 1675 1748 1226
1615 1618 1664 1698 1724 1831 1831 1962 1982 2075 2122 2215 2215 2255 2293 2256 2266 2316 2316 2339 2320 2428 2374 2433 2433 2454 2425 2459 2498 2469 2469 2559 2555 2673 2776 2706 2706 2642 2715 2713 2679 2579 2579 2534 2458 2516 2531 2645 2645 2410 2403 2398 2381 2379 2379 2403 2553 2554 2466 2400 2400 2418 2623 2598 2407 2419 2419 2236 2065 2029 2007 1985 1985 1955 1822 1879 1828 1952 1952 1774 1504 1336
1513 1576 1596 1665 1721 1803 1803 1899 1909 1928 2143 2160 2160 2228 2252 2292 2306 2266 2266 2302 2270 2292 2338 2604 2604 2559 2459 2439 2424 2445 2445 2488 2595 2822 2762 2827 2827 2726 2633 2674 2609 2465 2465 2412 2425 2437 2456 2433 2433 2417 2371 2400 2335 2407 2407 2457 2619 2623 2534 2450 2450 2413 2463 2549 2494 2454 2454 2562 2269 2206 2143 2025 2025 1986 1949 1929 1830 1971 1971 1757 1601 1629
1513 1576 1596 1665 1721 1803 1803 1899 1909 1928 2143 2160 2160 2228 2252 2292 2306 2266 2266 2302 2270 2292 2338 2604 2604 2559 2459 2439 2424 2445 2445 2488 2595 2822 2762 2827 2827 2726 2633 2674 2609 2465 2465 2412 2425 2437 2456 2433 2433 2417 2371 2400 2335 2407 2407 2457 2619 2623 2534 2450 2450 2413 2463 2549 2494 2454 2454 2562 2269 2206 2143 2025 2025 1986 1949 1929 1830 1971 1971 1757 1601 1629
1471 1513 1564 1640 1722 1820 1820 1837 1828 1843 1963 2054 2054 2156 2180 2194 2228 2255 2255 2294 2317 2297 2336 2414 2414 2498 2435 2438 2455 2421 2421 2442 2549 2663 2787 2940 2940 2736 2669 2699 2615 2397 2397 2334 2288 2403 2387 2358 2358 2306 2350 2341 2309 2404 2404 2437 2538 2499 2621 2516 2516 2570 2546 2536 2404 2337 2337 2271 2497 2501 2181 2129 2129 2035 2052 1968 1978 1943 1943 1927 1676 1399
1329 1468 1508 1630 1720 1731 1731 1774 1757 1801 1887 1980 1980 2062 2081 2119 2157 2251 2251 2270 2288 2291 2325 2400 2400 2456 2427 2476 2407 2442 2442 2521 2521 2597 2664 2745 2745 2643 2580 2560 2500 2398 2398 2276 2240 2289 2380 2294 2294 2245 2260 2270 2251 2358 2358 2370 2345 2430 2630 2696 2696 2486 2288 2290 2239 2379 2379 2427 2417 2334 2154 2120 2120 1958 1958 1931 1794 1912 1912 1476 1490 1354
1159 1309 1476 1503 1631 1632 1632 1668 1708 1765 1857 1924 1924 2028 2093 2081 2124 2178 2178 2211 2267 2319 2342 2510 2510 2482 2438 2384 2467 2434 2434 2562 2561 2547 2641 2650 2650 2540 2481 2457 2370 2358 2358 2240 2234 2296 2270 2207 2207 2219 2207 2230 2223 2272 2272 2206 2255 2334 2400 2777 2777 2734 2212 2148 2127 2381 2381 2347 2280 2090 2290 2042 2042 2000 1945 1867 1456 1688 1688 1420 1327 1198
1062 1210 1338 1445 1492 1558 1558 1627 1718 1769 1809 1919 1919 1963 2089 2063 2121 2169 2169 2240 2294 2284 2341 2388 2388 2427 2418 2393 2363 2435 2435 2466 2481 2507 2581 2634 2634 2503 2397 2336 2289 2281 2281 2310 2214 2218 2202 2156 2156 2138 2199 2206 2219 2255 2255 2085 2119 2247 2305 2522 2522 2512 2252 1980 2030 2326 2326 2428 2202 2061 2067 1843 1843 1852 1921 1814 1560 1332 1332 1223 1205 1343
-9999 1233 1334 1327 1425 1502 1502 1582 1687 1739 1773 1889 1889 1935 2001 2072 2157 2208 2208 2240 2326 2377 2337 2354 2354 2524 2505 2425 2371 2366 2366 2384 2404 2421 2537 2494 2494 2395 2378 2248 2230 2256 2256 2330 2204 2209 2163 2105 2105 2062 2061 2098 2131 2018 2018 2046 2110 2368 2295 2261 2261 2475 2255 1998 1849 1943 1943 2248 2342 2241 2100 2135 2135 1740 1636 1528 1362 1492 1492 1533 1461 1447
-9999 1233 1334 1327 1425 1502 1502 1582 1687 1739 1773 1889 1889 1935 2001 2072 2157 2208 2208 2240 2326 2377 2337 2354 2354 2524 2505 2425 2371 2366 2366 2384 2404 2421 2537 2494 2494 2395 2378 2248 2230 2256 2256 2330 2204 2209 2163 2105 2105 2062 2061 2098 2131 2018 2018 2046 2110 2368 2295 2261 2261 2475 2255 1998 1849 1943 1943 2248 2342 2241 2100 2135 2135 1740 1636 1528 1362 1492 1492 1533 1461 1447
-9999 -9999 1230 1282 1503 1614 1614 1678 1697 1782 1900 1995 1995 1923 1991 2200 2208 2273 2273 2292 2297 2314 2319 2409 2409 2412 2419 2351 2288 2272 2272 2320 2300 2338 2452 2490 2490 2334 2264 2170 2168 2228 2228 2347 2203 2172 2126 2049 2049 2023 2014 2011 2019 1974 1974 2048 2147 2192 2315 2225 2225 2367 2270 1876 1851 1811 1811 2154 2217 2275 2236 2082 2082 1827 1754 1593 1605 1712 1712 1624 1392 1216
-9999 -9999 1206 1395 1565 1724 1724 1763 1755 1744 1796 1935 1935 1895 1940 2158 2271 2318 2318 2362 2297 2284 2315 2311 2311 2327 2326 2267 2248 2231 2231 2263 2322 2311 2277 2294 2294 2176 2140 2120 2243 2160 2160 2093 2100 2076 2081 2011 2011 2093 1962 1883 1855 1858 1858 1875 2009 2007 1852 2008 2008 1887 1766 1774 1694 2062 2062 2064 2240 1954 1889 2069 2069 1895 1880 1882 1860 1919 1919 1568 1566 1440
-9999 -9999 -9999 1436 1838 2075 2075 1990 1786 1800 1825 1881 1881 1944 2001 2173 2227 2243 2243 2249 2325 2264 2269 2279 2279 2301 2243 2208 2199 2236 2236 2230 2228 2255 2248 2207 2207 2178 2137 2089 2124 2101 2101 2031 2099 2057 2187 2014 2014 2087 2009 1919 1791 1809 1809 1863 2082 2128 1894 1701 1701 1863 1990 1628 1568 1591 1591 1768 1733 1861 1675 1609 1609 1853 1851 1607 1725 1553 1553 1737 1619 1450
-9999 -9999 -9999 -9999 1722 2014 2014 2040 1738 1687 1740 1826 1826 1932 2056 2241 2319 2282 2282 2229 2201 2199 2221 2260 2260 2261 2231 2202 2199 2231 2231 2199 2188 2122 2132 2125 2125 2089 2096 2048 2040 2010 2010 1965 2004 1948 2041 1971 1971 1924 1856 1854 1769 1764 1764 1908 2162 1951 1844 1790 1790 1853 1891 1653 1711 1705 1705 1776 1647 1743 1698 1606 1606 1634 1727 1645 1461 1513 1513 1406 1446 1443
-9999 -9999 -9999 -9999 1619 1674 1674 1731 1774 1622 1695 1834 1834 1882 2049 2355 2452 2279 2279 2182 2120 2159 2199 2240 2240 2349 2241 2279 2224 2215 2215 2163 2130 2092 2113 2058 2058 2067 1957 1963 1892 1859 1859 1912 1875 1914 1878 1765 1765 1781 1830 1742 1695 1754 1754 1889 2018 1954 1752 1550 1550 1711 1694 1651 1662 1883 1883 1869 1694 1637 1589 1511 1511 1663 1617 1603 1482 1265 1265 1456 1250 1223
-9999 -9999 -9999 -9999 -9999 1674 1674 1731 1774 1622 1695 1834 1834 1882 2049 2355 2452 2279 2279 2182 2120 2159 2199 2240 2240 2349 2241 2279 2224 2215 2215 2163 2130 2092 2113 2058 2058 2067 1957 1963 1892 1859 1859 1912 1875 1914 1878 1765 1765 1781 1830 1742 1695 1754 1754 1889 2018 1954 1752 1550 1550 1711 1694 1651 1662 1883 1883 1869 1694 1637 1589 1511 1511 1663 1617 1603 1482 1265 1265 1456 1250 1223
-9999 -9999 -9999 -9999 -9999 1482 1482 1518 1562 1549 1675 1739 1739 1838 1970 2226 2281 2257 2257 2134 2080 2110 2182 2248 2248 2260 2265 2272 2224 2303 2303 2224 2149 2002 2022 1948 1948 1882 1858 1863 1784 1772 1772 1747 1791 1854 1760 1610 1610 1597 1701 1696 1734 1824 1824 2026 1935 1923 1737 1564 1564 1558 1520 1613 1611 1876 1876 1909 1773 1837 1656 1625 1625 1480 1471 1580 1578 1492 1492 1235 1189 1152
-9999 -9999 -9999 -9999 -9999 1408 1408 1354 1470 1574 1653 1715 1715 1794 1899 2109 2139 2096 2096 2065 2062 2095 2194 2222 2222 2361 2303 2256 2218 2133 2133 2036 1976 1920 1860 1808 1808 1832 1747 1758 1722 1703 1703 1649 1687 1754 1603 1576 1576 1625 1603 1641 1691 2116 2116 1889 1683 1607 1581 1440 1440 1519 1510 1554 1531 1832 1832 1729 1764 1763 1868 1842 1842 1524 1501 1451 1481 1497 1497 1545 1355 1184
-9999 -9999 -9999 -9999 -9999 -9999 1282 1340 1424 1520 1624 1721 1721 1785 1839 2079 2068 2043 2043 2071 2082 2108 2133 2256 2256 2233 2322 2176 2163 2094 2094 1983 2065 1888 1806 1782 1782 1770 1697 1711 1642 1584 1584 1597 1663 1598 1558 1550 1550 1576 1539 1531 1772 1826 1826 1718 1605 1538 1503 1402 1402 1416 1496 1373 1566 1528 1528 1641 1538 1642 1711 1770 1770 1642 1384 1435 1393 1397 1397 1587 1417 -9999
-9999 -9999 -9999 -9999 -9999 -9999 1193 1307 1377 1472 1562 1662 1662 1719 1836 1966 2001 2079 2079 2100 2079 2099 2110 2169 2169 2202 2249 2137 2098 2104 2104 1992 1959 1889 1803 1753 1753 1743 1633 1656 1579 1535 1535 1538 1537 1526 1573 1557 1557 1429 1477 1521 1628 1582 1582 1556 1665 1507 1460 1343 1343 1452 1561 1291 1545 1519 1519 1531 1418 1626 1469 1503 1503 1423 1346 1432 1324 1365 1365 1584 -9999 -9999
-9999 -9999 -9999 -9999 -9999 -9999 1219 1382 1446 1519 1522 1600 1600 1702 1765 1926 1969 2072 2072 2061 2086 2121 2154 2128 2128 2146 2159 2135 2118 2082 2082 2034 1940 1859 1751 1695 1695 1675 1617 1578 1510 1515 1515 1507 1529 1528 1493 1490 1490 1442 1421 1562 1702 1560 1560 1508 1481 1441 1402 1300 1300 1431 1388 1187 1503 1496 1496 1509 1398 1479 1456 1351 1351 1330 1367 1357 1468 1332 1332 -9999 -9999 -9999
-9999 -9999 -9999 -9999 -9999 -9999 1219 1382 1446 1519 1522 1600 1600 1702 1765 1926 1969 2072 2072 2061 2086 2121 2154 2128 2128 2146 2159 2135 2118 2082 2082 2034 1940 1859 1751 1695 1695 1675 1617 1578 1510 1515 1515 1507 1529 1528 1493 1490 1490 1442 1421 1562 1702 1560 1560 1508 1481 1441 1402 1300 1300 1431 1388 1187 1503 1496 1496 1509 1398 1479 1456 1351 1351 1330 1367 1357 1468 1332 1332 -9999 -9999 -9999
-9999 -9999 -9999 -9999 -9999 -9999 -9999 1365 1401 1543 1500 1595 1595 1703 1823 1812 1860 1926 1926 2001 2136 2298 2412 2363 2363 2261 2280 2374 2196 2093 2093 2018 1868 1865 1813 1769 1769 1661 1616 1546 1570 1587 1587 1640 1540 1614 1337 1378 1378 1348 1376 1487 1590 1675 1675 1576 1386 1350 1382 1203 1203 1404 1402 1200 1346 1455 1455 1332 1332 1355 1532 1338 1338 1310 1261 1132 1423 1413 1413 -9999 -9999 -9999
-9999 -9999 -9999 -9999 -9999 -9999 -9999 -9999 1383 1420 1576 1584 1584 1621 1744 1752 1802 1860 1860 1928 2103 2271 2421 2384 2384 2233 2165 2268 2165 2066 2066 2137 1958 1939 1870 1873 1873 1849 1640 1536 1534 1559 1559 1427 1348 1280 1248 1187 1187 1221 1184 1332 1608 1645 1645 1464 1333 1278 1154 1335 1335 1341 1327 1220 1223 1345 1345 1303 1222 1519 1419 1390 1390 1105 1252 1063 1269 1645 1645 -9999 -9999 -9999
-9999 -9999 -9999 -9999 -9999 -9999 -9999 -9999 1328 1368 1401 1468 1468 1560 1585 1660 1693 1790 1790 1880 1999 2110 2192 2174 2174 2182 2157 2156 2176 2134 2134 2183 2081 1996 1915 1998 1998 1904 1739 1442 1438 1450 1450 1432 1284 1233 1213 1130 1130 1163 1184 1157 1377 1497 1497 1506 1426 1213 1025 1276 1276 1241 1283 1171 1404 1387 1387 1297 1133 1460 1527 1219 1219 1019 1101 -9999 1267 1550 -9999 -9999 -9999 -9999
-9999 -9999 -9999 -9999 -9999 -9999 -9999 -9999 -9999 1365 1413 1459 1459 1481 1553 1626 1698 1850 1850 1957 1925 1980 2041 2073 2073 2118 2156 2202 2217 2227 2227 2185 2175 2020 1917 1806 1806 1762 1607 1479 1473 1456 1456 1226 1205 1184 1089 1166 1166 1122 1127 1127 1147 1360 1360 1426 1401 1015 1091 1277 1277 1249 1273 1227 1307 1285 1285 1312 1101 1408 1496 1169 1169 1020 1083 -9999 1320 1680 -9999 -9999 -9999 -9999
-9999 -9999 -9999 -9999 -9999 -9999 -9999 -9999 -9999 -9999 1466 1518 1518 1530 1561 1677 1784 1899 1899 1968 2029 2065 2094 2140 2140 2112 2155 2219 2267 2216 2216 2224 2094 2011 1900 1781 1781 1661 1532 1444 1382 1297 1297 1173 1117 1068 1049 1227 1227 1119 1082 1076 1216 1327 1327 1248 1117 951 1331 1236 1236 1129 1242 1091 1241 1171 1171 1270 1142 1105 1079 1280 1280 1227 871 -9999 1208 1279 -9999 -9999 -9999 -9999
-9999 -9999 -9999 -9999 -9999 -9999 -9999 -9999 -9999 -9999 -9999 1518 1518 1530 1561 1677 1784 1899 1899 1968 2029 2065 2094 2140 2140 2112 2155 2219 2267 2216 2216 2224 2094 2011 1900 1781 1781 1661 1532 1444 1382 1297 1297 1173 1117 1068 1049 1227 1227 1119 1082 1076 1216 1327 1327 1248 1117 951 1331 1236 1236 1129 1242 1091 1241 1171 1171 1270 1142 1105 1079 1280 1280 1227 871 -9999 1208 1279 1279 -9999 -9999 -9999
-9999 -9999 -9999 -9999 -9999 -9999 -9999 -9999 -9999 -9999 -9999 -9999 1534 1619 1534 1639 1701 1826 1826 1956 2054 2098 2121 2161 2161 2321 2218 2313 2215 2145 2145 2139 2107 1951 1839 1747 1747 1602 1575 1378 1296 1222 1222 1193 1088 1053 1104 1216 1216 1202 1117 1100 1148 1185 1185 1148 1044 1106 1064 1173 1173 1132 1176 1141 1263 -9999 1184 1203 1066 1012 1173 1284 1284 960 942 -9999 1247 1058 1058 -9999 -9999 -9999
-9999 -9999 -9999 -9999 -9999 -9999 -9999 -9999 -9999 -9999 -9999 -9999 -9999 1584 1512 1573 1740 1979 1979 2036 2019 2191 2247 2299 2299 2125 2244 2202 2186 2144 2144 2011 1941 1863 1775 1616 1616 1572 1558 1293 1210 1152 1152 1079 1027 1002 1029 1261 1261 1218 1166 1135 1040 1154 1154 1385 995 1267 1178 1166 1166 1068 1177 1032 1221 -9999 1040 1091 1172 921 1302 1315 1315 829 837 -9999 939 1187 1187 -9999 -9999 -9999
-9999 -9999 -9999 -9999 -9999 -9999 -9999 -9999 -9999 -9999 -9999 -9999 -9999 1516 1510 1573 1763 1838 1838 1949 1971 2042 2165 2143 2143 2065 2068 2100 2050 1965 1965 1908 1886 1795 1701 1571 1571 1480 1384 1307 1173 1089 1089 1032 988 911 915 1327 -9999 1199 1162 1136 1026 1253 1253 1345 1031 1167 1172 1142 1142 1117 1120 1130 963 -9999 1115 1122 1420 -9999 1268 1121 1121 803 959 -9999 -9999 1091 -9999 -9999 -9999 -9999
-9999 -9999 -9999 -9999 -9999 -9999 -9999 -9999 -9999 -9999 -9999 -9999 -9999 -9999 1520 1646 1761 1830 1830 1827 1912 2004 2039 2001 2001 2038 2081 2200 2015 1937 1937 1806 1737 1707 1605 1477 1477 1412 1261 1219 1131 1152 1152 1082 1033 940 872 1057 -9999 1170 1150 1124 1001 1039 1039 1285 1058 1040 -9999 1110 1110 1059 1116 1077 965 -9999 -9999 -9999 -9999 -9999 -9999 1281 1281 891 856 -9999 -9999 -9999 -9999 -9999 -9999 -9999
