ALTITUDBIENMAXENT_recortado.asc
ncols        993
nrows        435
xllcorner    -105.258332676891
yllcorner    17.591666858876
cellsize     0.008333333771
NODATA_value -9999
[rows 216 to 251 of 435, columns 820 to 901 of 993]
2584 2584 2623 2603 2537 2555 2641 2641 2516 2590 2565 2557 2587 2587 2520 2546 2524 2421 2486 2486 2506 2531 2552 2589 2520 2520 2469 2478 2447 2397 2391 2391 2412 2424 2417 2399 2400 2400 2427 2433 2435 2441 2444 2444 2459 2501 2534 2528 2500 2500 2497 2541 2511 2485 2512 2512 2545 2555 2561 2539 2511 2511 2456 2506 2624 2584 2586 2586 2546 2568 2568 2560 2602 2602 2603 2589 2561 2572 2486 2486 2503 2484
2584 2584 2623 2603 2537 2555 2641 2641 2516 2590 2565 2557 2587 2587 2520 2546 2524 2421 2486 2486 2506 2531 2552 2589 2520 2520 2469 2478 2447 2397 2391 2391 2412 2424 2417 2399 2400 2400 2427 2433 2435 2441 2444 2444 2459 2501 2534 2528 2500 2500 2497 2541 2511 2485 2512 2512 2545 2555 2561 2539 2511 2511 2456 2506 2624 2584 2586 2586 2546 2568 2568 2560 2602 2602 2603 2589 2561 2572 2486 2486 2503 2484
2567 2567 2697 2561 2490 2585 2582 2582 2531 2578 2506 2571 2515 2515 2479 2532 2519 2571 2458 2458 2483 2530 2550 2549 2539 2539 2402 2434 2422 2407 2380 2380 2421 2437 2436 2404 2391 2391 2427 2444 2442 2444 2456 2456 2469 2497 2550 2555 2519 2519 2510 2584 2534 2468 2459 2459 2522 2535 2486 2571 2466 2466 2535 2566 2595 2554 2582 2582 2534 2497 2556 2532 2586 2586 2604 2599 2557 2497 2481 2481 2462 2450
2506 2506 2527 2526 2465 2467 2542 2542 2548 2511 2500 2621 2534 2534 2450 2635 2546 2541 2551 2551 2560 2377 2587 2494 2498 2498 2408 2396 2405 2410 2363 2363 2435 2413 2435 2398 2395 2395 2424 2474 2446 2453 2468 2468 2475 2494 2521 2569 2562 2562 2509 2529 2481 2457 2447 2447 2449 2458 2449 2438 2424 2424 2540 2545 2542 2524 2545 2545 2476 2442 2560 2561 2590 2590 2580 2566 2560 2469 2466 2466 2438 2442
2420 2420 2462 2429 2386 2499 2557 2557 2552 2490 2522 2559 2504 2504 2412 2526 2541 2472 2505 2505 2388 2370 2492 2500 2462 2462 2402 2381 2361 2404 2388 2388 2416 2410 2416 2373 2408 2408 2462 2454 2451 2467 2508 2508 2520 2494 2511 2533 2524 2524 2494 2482 2472 2462 2452 2452 2444 2437 2434 2423 2428 2428 2442 2523 2478 2465 2452 2452 2462 2532 2551 2585 2584 2584 2572 2557 2503 2481 2444 2444 2433 2426
2428 2428 2454 2407 2622 2495 2557 2557 2518 2525 2482 2489 2441 2441 2359 2489 2489 2515 2551 2551 2463 2503 2498 2416 2462 2462 2435 2407 2331 2344 2340 2340 2396 2420 2385 2351 2380 2380 2413 2437 2488 2487 2484 2484 2520 2534 2521 2540 2539 2539 2510 2498 2489 2476 2462 2462 2454 2442 2435 2436 2424 2424 2430 2434 2439 2438 2448 2448 2481 2478 2488 2522 2557 2557 2541 2522 2501 2491 2478 2478 2452 2420
2454 2454 2374 2375 2457 2342 2352 2352 2332 2370 2442 2490 2441 2441 2381 2436 2534 2626 2645 2645 2419 2301 2518 2404 2402 2402 2314 2368 2379 2272 2281 2281 2312 2319 2351 2361 2380 2380 2391 2411 2458 2500 2499 2499 2531 2560 2584 2563 2541 2541 2529 2520 2510 2492 2479 2479 2466 2454 2445 2438 2431 2431 2409 2422 2425 2432 2432 2432 2433 2437 2439 2441 2450 2450 2458 2465 2499 2497 2499 2499 2474 2434
2454 2454 2374 2375 2457 2342 2352 2352 2332 2370 2442 2490 2441 2441 2381 2436 2534 2626 2645 2645 2419 2301 2518 2404 2402 2402 2314 2368 2379 2272 2281 2281 2312 2319 2351 2361 2380 2380 2391 2411 2458 2500 2499 2499 2531 2560 2584 2563 2541 2541 2529 2520 2510 2492 2479 2479 2466 2454 2445 2438 2431 2431 2409 2422 2425 2432 2432 2432 2433 2437 2439 2441 2450 2450 2458 2465 2499 2497 2499 2499 2474 2434
2392 2392 2292 2341 2398 2299 2304 2304 2299 2298 2290 2438 2388 2388 2250 2388 2554 2613 2622 2622 2577 2289 2419 2465 2362 2362 2302 2283 2296 2282 2308 2308 2330 2347 2369 2393 2417 2417 2440 2428 2441 2485 2533 2533 2557 2566 2601 2578 2565 2565 2557 2549 2533 2519 2502 2502 2480 2470 2458 2447 2439 2439 2441 2441 2409 2417 2420 2420 2416 2416 2425 2453 2470 2470 2450 2455 2461 2492 2519 2519 2500 2428
2420 2420 2369 2275 2310 2272 2336 2336 2264 2291 2325 2289 2298 2298 2301 2334 2519 2539 2440 2440 2485 2354 2279 2260 2247 2247 2251 2248 2273 2296 2303 2303 2335 2361 2388 2415 2441 2441 2471 2503 2659 2653 2587 2587 2575 2609 2624 2608 2601 2601 2592 2582 2569 2542 2522 2522 2504 2481 2473 2460 2459 2459 2456 2447 2430 2413 2415 2415 2410 2408 2434 2464 2466 2466 2456 2453 2459 2479 2507 2507 2521 2513
2344 2344 2331 2283 2307 2254 2247 2247 2231 2282 2257 2286 2222 2222 2260 2339 2308 2297 2289 2289 2240 2245 2316 2232 2258 2258 2261 2270 2278 2303 2324 2324 2345 2367 2404 2432 2468 2468 2504 2545 2581 2620 2641 2641 2663 2699 2706 2654 2644 2644 2635 2620 2600 2572 2547 2547 2527 2510 2489 2478 2479 2479 2474 2460 2438 2419 2410 2410 2406 2405 2422 2460 2475 2475 2459 2457 2456 2456 2462 2462 2466 2472
2300 2300 2263 2279 2240 2230 2219 2219 2213 2215 2203 2200 2200 2200 2217 2219 2220 2224 2238 2238 2221 2224 2225 2325 2259 2259 2262 2280 2293 2310 2328 2328 2362 2387 2412 2450 2490 2490 2526 2566 2601 2640 2683 2683 2722 2778 2768 2762 2756 2756 2737 2718 2639 2609 2586 2586 2557 2538 2514 2496 2476 2476 2476 2465 2462 2420 2409 2409 2409 2403 2424 2472 2469 2469 2463 2457 2458 2461 2442 2442 2437 2444
2318 2318 2285 2236 2224 2219 2217 2217 2213 2207 2210 2203 2200 2200 2208 2212 2212 2214 2210 2210 2234 2280 2293 2299 2317 2317 2295 2285 2302 2320 2346 2346 2379 2409 2445 2476 2508 2508 2556 2603 2643 2685 2725 2725 2768 2838 2840 2834 2819 2819 2800 2772 2741 2706 2678 2678 2599 2581 2545 2521 2487 2487 2463 2445 2431 2417 2416 2416 2421 2405 2423 2419 2441 2441 2442 2451 2460 2460 2449 2449 2436 2421
2318 2318 2285 2236 2224 2219 2217 2217 2213 2207 2210 2203 2200 2200 2208 2212 2212 2214 2210 2210 2234 2280 2293 2299 2317 2317 2295 2285 2302 2320 2346 2346 2379 2409 2445 2476 2508 2508 2556 2603 2643 2685 2725 2725 2768 2838 2840 2834 2819 2819 2800 2772 2741 2706 2678 2678 2599 2581 2545 2521 2487 2487 2463 2445 2431 2417 2416 2416 2421 2405 2423 2419 2441 2441 2442 2451 2460 2460 2449 2449 2436 2421
2273 2273 2255 2231 2219 2221 2216 2216 2212 2219 2213 2219 2200 2200 2207 2208 2206 2233 2259 2259 2279 2300 2314 2302 2299 2299 2296 2289 2312 2335 2360 2360 2387 2427 2462 2503 2538 2538 2580 2642 2687 2737 2788 2788 2874 2905 2921 2909 2915 2915 2876 2845 2812 2760 2722 2722 2671 2631 2598 2559 2505 2505 2473 2459 2444 2419 2418 2418 2407 2401 2397 2411 2418 2418 2413 2436 2450 2458 2455 2455 2448 2434
2234 2234 2228 2228 2219 2216 2216 2216 2212 2220 2213 2220 2231 2231 2199 2206 2239 2280 2298 2298 2300 2300 2301 2303 2294 2294 2293 2305 2327 2349 2377 2377 2400 2435 2475 2513 2570 2570 2606 2677 2750 2805 2901 2901 2950 2982 3017 3006 2994 2994 2952 2923 2868 2820 2769 2769 2725 2661 2624 2570 2537 2537 2453 2478 2440 2420 2407 2407 2396 2401 2399 2400 2411 2411 2416 2419 2438 2433 2438 2438 2427 2401
2243 2243 2236 2235 2224 2216 2215 2215 2211 2209 2206 2213 2259 2259 2213 2214 2253 2291 2287 2287 2319 2320 2281 2271 2287 2287 2304 2319 2343 2364 2393 2393 2417 2451 2484 2530 2604 2604 2660 2702 2772 2867 2992 2992 3048 3086 3131 3125 3092 3092 3047 3011 2960 2892 2838 2838 2780 2701 2641 2588 2551 2551 2519 2486 2462 2441 2423 2423 2399 2398 2395 2400 2402 2402 2402 2399 2412 2411 2418 2418 2421 2398
2239 2239 2240 2234 2231 2219 2209 2209 2208 2205 2209 2213 2261 2261 2202 2200 2269 2340 2343 2343 2320 2313 2280 2278 2268 2268 2296 2318 2345 2377 2411 2411 2433 2470 2500 2563 2632 2632 2688 2764 2832 3000 3063 3063 3141 3215 3245 3258 3212 3212 3159 3111 3021 2946 2866 2866 2785 2696 2647 2617 2572 2572 2535 2499 2472 2450 2432 2432 2403 2395 2390 2380 2398 2398 2395 2379 2380 2400 2397 2397 2422 2399
2240 2240 2240 2233 2252 2286 2220 2220 2204 2219 2224 2261 2217 2217 2191 2324 2244 2283 2281 2281 2294 2291 2312 2277 2278 2278 2291 2312 2338 2365 2401 2401 2442 2489 2540 2582 2633 2633 2705 2805 2966 3053 3146 3146 3213 3321 3401 3385 3368 3368 3289 3194 3090 2979 2888 2888 2802 2728 2686 2710 2598 2598 2545 2511 2482 2461 2423 2423 2409 2402 2405 2409 2402 2402 2376 2379 2368 2363 2380 2380 2394 2375
2240 2240 2240 2233 2252 2286 2220 2220 2204 2219 2224 2261 2217 2217 2191 2324 2244 2283 2281 2281 2294 2291 2312 2277 2278 2278 2291 2312 2338 2365 2401 2401 2442 2489 2540 2582 2633 2633 2705 2805 2966 3053 3146 3146 3213 3321 3401 3385 3368 3368 3289 3194 3090 2979 2888 2888 2802 2728 2686 2710 2598 2598 2545 2511 2482 2461 2423 2423 2409 2402 2405 2409 2402 2402 2376 2379 2368 2363 2380 2380 2394 2375
2250 2250 2242 2228 2227 2280 2213 2213 2202 2217 2232 2300 2341 2341 2190 2277 2228 2244 2259 2259 2319 2251 2263 2251 2264 2264 2282 2308 2333 2361 2391 2391 2417 2510 2557 2613 2670 2670 2733 2812 2999 3117 3226 3226 3340 3446 3636 3650 3524 3524 3423 3268 3137 3004 2897 2897 2839 2776 2720 2665 2615 2615 2563 2526 2494 2447 2430 2430 2417 2407 2423 2420 2408 2408 2401 2388 2384 2390 2363 2363 2355 2355
2251 2251 2242 2224 2218 2221 2210 2210 2201 2322 2294 2325 2310 2310 2181 2262 2209 2257 2196 2196 2204 2243 2236 2241 2259 2259 2279 2304 2331 2362 2392 2392 2428 2500 2541 2620 2689 2689 2798 2953 3101 3241 3326 3326 3514 3723 3901 3843 3463 3463 3319 3462 3106 3017 2937 2937 2860 2796 2735 2676 2625 2625 2576 2532 2495 2452 2434 2434 2420 2412 2407 2405 2397 2397 2381 2391 2402 2386 2369 2369 2355 2352
2257 2257 2245 2235 2219 2216 2207 2207 2199 2198 2203 2204 2185 2185 2185 2202 2190 2186 2186 2186 2201 2216 2222 2236 2255 2255 2277 2304 2335 2368 2412 2412 2459 2503 2560 2621 2687 2687 2790 2962 3079 3200 3342 3342 3544 3632 4051 4072 3719 3719 3604 3639 3299 3050 2960 2960 2860 2785 2728 2677 2629 2629 2579 2537 2474 2454 2437 2437 2423 2419 2422 2431 2411 2411 2386 2372 2376 2362 2357 2357 2354 2351
2257 2257 2244 2237 2225 2220 2209 2209 2201 2196 2194 2187 2186 2186 2187 2187 2185 2185 2194 2194 2202 2210 2220 2234 2253 2253 2280 2305 2333 2363 2404 2404 2457 2507 2561 2622 2703 2703 2843 2939 3037 3154 3303 3303 3477 3509 3897 3471 3673 3673 3566 3363 3177 3098 2962 2962 2865 2780 2707 2659 2611 2611 2570 2502 2478 2458 2440 2440 2428 2424 2433 2448 2430 2430 2404 2370 2360 2359 2355 2355 2351 2349
2259 2259 2246 2240 2226 2220 2208 2208 2200 2197 2193 2189 2188 2188 2187 2186 2186 2184 2190 2190 2195 2203 2216 2232 2254 2254 2275 2305 2334 2364 2406 2406 2451 2489 2546 2599 2755 2755 2823 2910 2998 3118 3241 3241 3309 3502 3582 3701 3336 3336 3441 3318 3170 3063 2955 2955 2864 2796 2719 2661 2613 2613 2563 2506 2480 2462 2445 2445 2433 2426 2424 2419 2424 2424 2404 2369 2357 2355 2354 2354 2351 2349
2259 2259 2246 2240 2226 2220 2208 2208 2200 2197 2193 2189 2188 2188 2187 2186 2186 2184 2190 2190 2195 2203 2216 2232 2254 2254 2275 2305 2334 2364 2406 2406 2451 2489 2546 2599 2755 2755 2823 2910 2998 3118 3241 3241 3309 3502 3582 3701 3336 3336 3441 3318 3170 3063 2955 2955 2864 2796 2719 2661 2613 2613 2563 2506 2480 2462 2445 2445 2433 2426 2424 2419 2424 2424 2404 2369 2357 2355 2354 2354 2351 2349
2260 2260 2245 2237 2227 2217 2208 2208 2200 2198 2191 2184 2188 2188 2187 2183 2183 2182 2183 2183 2191 2198 2211 2228 2251 2251 2274 2304 2333 2355 2390 2390 2427 2482 2525 2584 2705 2705 2787 2869 2960 3053 3105 3105 3218 3291 3428 3423 3575 3575 3246 3211 3118 3014 2924 2924 2844 2758 2700 2662 2620 2620 2537 2508 2486 2461 2447 2447 2436 2430 2428 2419 2397 2397 2374 2364 2356 2353 2349 2349 2348 2349
2259 2259 2247 2240 2228 2219 2213 2213 2206 2201 2190 2187 2185 2185 2184 2183 2182 2181 2181 2181 2184 2193 2202 2222 2246 2246 2267 2298 2326 2354 2392 2392 2434 2481 2524 2634 2646 2646 2728 2828 2900 2959 3037 3037 3132 3208 3241 3288 3231 3231 3142 3103 3036 2967 2910 2910 2857 2771 2697 2652 2573 2573 2549 2537 2531 2480 2467 2467 2452 2449 2454 2460 2436 2436 2403 2368 2356 2350 2349 2349 2347 2347
2263 2263 2254 2248 2240 2243 2221 2221 2217 2198 2190 2188 2185 2185 2184 2182 2182 2180 2179 2179 2180 2186 2196 2210 2226 2226 2244 2268 2303 2344 2382 2382 2422 2460 2540 2598 2651 2651 2700 2780 2838 2905 2977 2977 3046 3101 3105 3117 3065 3065 3028 3003 2959 2920 2871 2871 2814 2734 2674 2621 2565 2565 2561 2592 2569 2518 2501 2501 2461 2461 2464 2452 2435 2435 2404 2376 2359 2353 2349 2349 2346 2346
2274 2274 2261 2258 2250 2241 2238 2238 2232 2203 2195 2186 2191 2191 2199 2187 2183 2182 2180 2180 2179 2180 2186 2198 2212 2212 2227 2258 2287 2322 2359 2359 2407 2442 2519 2567 2621 2621 2680 2736 2785 2864 2914 2914 2941 2984 2999 2990 2960 2960 2947 2922 2883 2852 2801 2801 2754 2712 2665 2580 2573 2573 2569 2587 2621 2576 2524 2524 2496 2476 2456 2450 2420 2420 2393 2377 2363 2354 2350 2350 2346 2344
2283 2283 2269 2261 2257 2247 2242 2242 2219 2201 2197 2192 2193 2193 2200 2189 2184 2186 2182 2182 2179 2178 2133 2183 2197 2197 2232 2257 2286 2317 2347 2347 2378 2441 2481 2521 2599 2599 2639 2692 2744 2779 2823 2823 2848 2886 2898 2896 2889 2889 2876 2864 2836 2790 2746 2746 2705 2652 2569 2746 2631 2631 2659 2584 2626 2590 2561 2561 2522 2491 2463 2462 2479 2479 2532 2435 2394 2358 2350 2350 2346 2343
2283 2283 2269 2261 2257 2247 2242 2242 2219 2201 2197 2192 2193 2193 2200 2189 2184 2186 2182 2182 2179 2178 2133 2183 2197 2197 2232 2257 2286 2317 2347 2347 2378 2441 2481 2521 2599 2599 2639 2692 2744 2779 2823 2823 2848 2886 2898 2896 2889 2889 2876 2864 2836 2790 2746 2746 2705 2652 2569 2746 2631 2631 2659 2584 2626 2590 2561 2561 2522 2491 2463 2462 2479 2479 2532 2435 2394 2358 2350 2350 2346 2343
2286 2286 2278 2267 2255 2243 2221 2221 2203 2201 2196 2187 2192 2192 2200 2189 2191 2191 2184 2184 2179 2182 2191 2088 2197 2197 2218 2262 2281 2308 2336 2336 2396 2426 2456 2495 2527 2527 2544 2587 2620 2716 2765 2765 2767 2788 2803 2807 2792 2792 2803 2797 2764 2725 2698 2698 2653 2621 2537 2571 3057 3057 2939 2665 2637 2552 2581 2581 2539 2476 2489 2481 2500 2500 2588 2505 2431 2386 2383 2383 2389 2352
2316 2316 2289 2268 2251 2231 2215 2215 2202 2198 2193 2187 2182 2182 2200 2198 2211 2193 2185 2185 2181 2187 2208 2192 2180 2180 2213 2245 2268 2295 2309 2309 2364 2400 2426 2455 2485 2485 2508 2547 2560 2596 2619 2619 2657 2719 2726 2737 2732 2732 2735 2732 2704 2664 2642 2642 2612 2547 2520 2516 2907 2907 3188 2672 2699 2623 2632 2632 2542 2528 2506 2502 2482 2482 2539 2641 2459 2398 2371 2371 2403 2458
2285 2285 2272 2261 2241 2219 2215 2215 2203 2200 2198 2190 2181 2181 2182 2188 2196 2192 2184 2184 2186 2196 2200 2154 2184 2184 2208 2230 2256 2269 2326 2326 2350 2372 2396 2425 2450 2450 2474 2508 2519 2543 2573 2573 2602 2561 2613 2617 2616 2616 2663 2679 2663 2629 2578 2578 2539 2520 2483 2476 2588 2588 2618 2499 2521 2521 2624 2624 2605 2579 2541 2516 2458 2458 2531 2467 2477 2411 2361 2361 2377 2436
2274 2274 2263 2252 2242 2228 2221 2221 2205 2192 2183 2186 2180 2180 2179 2183 2191 2195 2192 2192 2191 2188 2176 2140 2175 2175 2192 2218 2238 2261 2306 2306 2327 2345 2373 2397 2421 2421 2440 2469 2468 2504 2505 2505 2544 2532 2539 2558 2560 2560 2539 2570 2570 2595 2561 2561 2500 2484 2463 2446 2476 2476 2485 2450 2449 2543 2695 2695 2595 2673 2603 2556 2456 2456 2590 2446 2409 2379 2349 2349 2413 2507
