ALTITUDBIENMAXENT_recortado.asc
ncols        993
nrows        435
xllcorner    -105.258332676891
yllcorner    17.591666858876
cellsize     0.008333333771
NODATA_value -9999
[rows 144 to 179 of 435, columns 246 to 327 of 993]
2162 2162 2141 2148 2173 2172 2079 2079 2088 2057 1973 1952 1906 1906 1961 1889 1840 1881 1843 1843 1771 1828 1842 1917 1921 1921 1902 1905 1956 1998 1998 1998 2054 2046 2081 2105 2087 2087 2139 2185 2135 2080 2051 2051 2030 1976 1864 1947 1959 1959 1968 1978 1967 2000 1884 1884 1735 1618 1535 1529 1646 1646 1700 1520 1503 1513 1518 1518 1516 1510 1512 1521 1523 1523 1594 1589 1610 1674 1737 1737 1682 1597
2180 2180 2231 2170 2114 2089 2063 2063 2050 2060 2016 2027 1912 1912 1887 1871 1900 1861 1823 1823 1825 1881 1932 1965 1989 1989 1973 1952 1928 1947 1952 1952 1989 1999 2027 2092 2062 2062 2119 2094 2071 2053 2020 2020 2016 1989 1875 1891 2053 2053 2057 1998 1984 1966 1840 1840 1711 1635 1565 1527 1618 1618 1672 1521 1507 1514 1523 1523 1517 1508 1519 1528 1630 1630 1743 1689 1664 1784 1821 1821 1747 1681
2237 2237 2303 2183 2128 2118 2076 2076 2106 1995 2006 1986 1968 1968 1959 1918 1928 1890 1816 1816 1820 1896 1954 2022 2061 2061 2086 2029 1973 1942 1941 1941 1948 1952 1974 2034 2060 2060 2082 2053 2046 2035 2055 2055 2066 2028 2001 1969 2002 2002 1988 1947 1945 1881 1787 1787 1697 1613 1570 1537 1530 1530 1530 1523 1513 1517 1519 1519 1515 1513 1524 1625 1772 1772 1950 1893 1717 1861 1871 1871 1802 1653
2227 2227 2284 2217 2111 2131 2148 2148 2155 2087 2015 2068 1992 1992 1985 2048 1903 1893 1844 1844 1911 1947 1998 2072 2152 2152 2262 2158 2032 1968 1960 1960 1935 1947 2035 2102 2100 2100 2107 2129 2110 2079 2093 2093 2122 2099 2052 2004 1947 1947 1931 1906 1882 1787 1675 1675 1679 1639 1564 1544 1543 1543 1528 1529 1521 1519 1522 1522 1511 1506 1527 1607 1818 1818 2178 2177 1813 1714 1761 1761 1698 1629
2166 2166 2167 2138 2183 2181 2252 2252 2227 2133 2118 2120 2043 2043 1991 1964 1934 1982 1919 1919 1905 1946 2012 2090 2226 2226 2297 2197 2073 1992 1966 1966 1919 2002 2116 2191 2173 2173 2161 2234 2238 2244 2158 2158 2161 2142 2065 2060 1990 1990 1934 1918 1886 1828 1721 1721 1640 1575 1577 1585 1594 1594 1584 1556 1557 1588 1612 1612 1523 1523 1637 1563 1661 1661 1705 1777 1640 1577 1560 1560 1560 1574
2125 2125 2119 2137 2180 2226 2269 2269 2324 2246 2149 2064 2038 2038 2026 1999 2049 2009 1985 1985 1946 2019 2020 2042 2162 2162 2151 2119 2036 1985 1960 1960 1940 2004 2080 2292 2291 2291 2221 2269 2517 2428 2238 2238 2312 2193 2073 2010 1983 1983 1928 1822 1858 1866 1649 1649 1714 1745 1814 1835 1888 1888 1901 1887 1761 1721 1673 1673 1664 1676 1691 1587 1562 1562 1597 1577 1560 1560 1560 1560 1560 1563
2125 2125 2119 2137 2180 2226 2269 2269 2324 2246 2149 2064 2038 2038 2026 1999 2049 2009 1985 1985 1946 2019 2020 2042 2162 2162 2151 2119 2036 1985 1960 1960 1940 2004 2080 2292 2291 2291 2221 2269 2517 2428 2238 2238 2312 2193 2073 2010 1983 1983 1928 1822 1858 1866 1649 1649 1714 1745 1814 1835 1888 1888 1901 1887 1761 1721 1673 1673 1664 1676 1691 1587 1562 1562 1597 1577 1560 1560 1560 1560 1560 1563
2168 2168 2067 2093 2132 2214 2217 2217 2233 2262 2138 2097 2041 2041 2097 2056 2096 2168 2119 2119 1982 2057 2104 2066 2112 2112 2064 2051 1951 1939 1961 1961 1937 2008 2187 2299 2337 2337 2157 2107 2159 2120 2211 2211 2167 2103 2050 2001 1977 1977 1886 1841 1784 1717 1700 1700 1860 1804 1860 1973 2071 2071 2123 2098 2028 1890 1838 1838 1748 1748 1706 1630 1583 1583 1586 1589 1578 1573 1560 1560 1573 1585
1918 1918 1913 2030 2119 2223 2157 2157 2169 2179 2061 2083 2103 2103 2259 2249 2165 2114 2135 2135 2153 2161 2176 2134 2120 2120 2188 1978 1954 1938 1941 1941 1919 2000 2101 2171 2116 2116 2004 1923 1969 2036 1980 1980 2004 2048 1917 1975 1969 1969 1958 1960 1930 1917 1760 1760 1879 1877 1930 2082 2313 2313 2320 2333 2222 2067 1925 1925 1717 1686 1642 1583 1564 1564 1580 1579 1591 1588 1601 1601 1611 1635
1967 1967 1879 1877 1892 1886 1881 1881 1902 2054 1964 1983 2097 2097 2303 2279 2169 2111 2117 2117 2119 2168 2139 2140 2140 2140 2050 2025 2080 1984 1957 1957 1949 1945 1991 2016 1965 1965 1940 1706 1751 1743 1811 1811 1835 1832 1800 1846 1858 1858 2008 2079 2136 2033 1852 1852 1961 1963 2001 2110 2322 2322 2324 2354 2225 2137 1930 1930 1670 1624 1602 1587 1576 1576 1578 1599 1606 1620 1634 1634 1633 1684
2007 2007 1906 1954 1971 1879 1866 1866 1921 1941 1953 1920 1978 1978 2113 2197 2119 2103 2084 2084 2092 2144 2202 2175 2216 2216 2155 2099 2097 2079 2005 2005 1986 1971 1882 1801 1827 1827 1778 1650 1635 1687 1719 1719 1699 1671 1650 1766 1679 1679 1892 2209 2283 2200 2077 2077 1969 2014 2009 2039 2143 2143 2276 2234 2200 1908 1894 1894 1670 1663 1642 1632 1610 1610 1594 1610 1636 1659 1668 1668 1716 1721
2085 2085 2110 2024 1869 1878 1964 1964 2062 2044 2021 1894 2041 2041 2134 2164 2106 2121 2179 2179 2162 2157 2241 2339 2351 2351 2326 2253 2187 2213 2201 2201 2133 2019 1971 1950 1879 1879 1861 1803 1676 1628 1630 1630 1617 1615 1618 1618 1620 1620 1760 1918 1962 2275 2237 2237 2143 2081 2042 2076 2122 2122 2157 2151 2129 1942 1833 1833 1704 1704 1730 1754 1681 1681 1632 1631 1673 1701 1719 1719 1795 1749
2085 2085 2110 2024 1869 1878 1964 1964 2062 2044 2021 1894 2041 2041 2134 2164 2106 2121 2179 2179 2162 2157 2241 2339 2351 2351 2326 2253 2187 2213 2201 2201 2133 2019 1971 1950 1879 1879 1861 1803 1676 1628 1630 1630 1617 1615 1618 1618 1620 1620 1760 1918 1962 2275 2237 2237 2143 2081 2042 2076 2122 2122 2157 2151 2129 1942 1833 1833 1704 1704 1730 1754 1681 1681 1632 1631 1673 1701 1719 1719 1795 1749
1949 1949 1894 1956 1870 1883 1983 1983 2020 1963 1915 1904 2066 2066 2087 2019 2061 2160 2218 2218 2219 2198 2226 2262 2468 2468 2583 2438 2322 2337 2292 2292 2219 2114 2136 1996 1951 1951 1966 1904 1659 1632 1621 1621 1611 1614 1610 1604 1593 1593 1616 1667 1881 2021 2341 2341 2277 2155 2085 2073 2080 2080 2058 2070 2082 1891 1851 1851 1781 1756 1781 1799 1806 1806 1811 1785 1741 1759 1786 1786 1778 1817
1801 1801 1891 1983 1872 1819 1919 1919 1989 1878 1868 1947 2036 2036 1920 1981 2036 2015 2223 2223 2074 2157 2299 2324 2533 2533 2715 2606 2444 2639 2453 2453 2409 2369 2254 2184 2127 2127 2042 1927 1730 1656 1620 1620 1614 1620 1620 1622 1621 1621 1592 1619 1628 1786 1882 1882 2083 2185 2115 2092 2073 2073 2040 2019 1974 1960 1868 1868 1816 1848 1905 1904 1897 1897 1919 1834 1771 1820 1969 1969 1916 1839
1810 1810 1802 1952 1871 1820 1903 1903 1990 1928 1848 1930 1942 1942 1868 1916 1899 1951 2092 2092 2036 2267 2318 2370 2569 2569 2735 2665 2623 2698 2720 2720 2511 2454 2336 2205 2086 2086 2062 1946 1735 1782 1722 1722 1639 1618 1624 1643 1703 1703 1628 1602 1587 1597 1648 1648 1699 1795 2113 2090 2063 2063 2030 2082 2080 2092 1992 1992 1899 1857 1908 1958 1880 1880 1785 1751 1775 1806 1845 1845 2000 1845
1723 1723 1795 1905 1834 1800 1876 1876 1956 1817 1844 1889 1810 1810 1808 1788 1800 1839 1923 1923 2023 2203 2366 2392 2459 2459 2700 2762 2784 2687 2476 2476 2318 2295 2276 2118 2074 2074 1911 1976 1767 1666 1628 1628 1630 1627 1781 1681 1708 1708 1704 1658 1616 1591 1596 1596 1612 1651 1690 1728 2088 2088 2133 2138 2200 2144 2058 2058 1940 1865 1958 2008 2002 2002 1872 1768 1779 1779 1786 1786 1866 1918
1718 1718 1745 1840 1801 1814 1844 1844 1761 1755 1798 1824 1760 1760 1756 1741 1738 1828 1919 1919 2048 2130 2238 2327 2506 2506 2554 2499 2556 2526 2488 2488 2263 2108 1984 1989 1930 1930 1709 1752 1604 1747 1789 1789 1860 1778 1764 1790 1795 1795 1786 1822 1785 1754 1725 1725 1699 1700 1642 1618 1583 1583 1684 1844 1962 2093 2007 2007 1906 1857 1921 1922 1927 1927 1844 1826 1778 1775 1811 1811 1787 1827
1718 1718 1745 1840 1801 1814 1844 1844 1761 1755 1798 1824 1760 1760 1756 1741 1738 1828 1919 1919 2048 2130 2238 2327 2506 2506 2554 2499 2556 2526 2488 2488 2263 2108 1984 1989 1930 1930 1709 1752 1604 1747 1789 1789 1860 1778 1764 1790 1795 1795 1786 1822 1785 1754 1725 1725 1699 1700 1642 1618 1583 1583 1684 1844 1962 2093 2007 2007 1906 1857 1921 1922 1927 1927 1844 1826 1778 1775 1811 1811 1787 1827
1721 1721 1744 1688 1805 1708 1649 1649 1572 1745 1770 1764 1719 1719 1720 1696 1699 1780 1836 1836 2062 2123 2198 2361 2302 2302 2192 2179 2258 2186 2327 2327 2247 2231 2027 1867 1799 1799 1564 1710 1716 1817 1993 1993 1947 1849 1813 1952 1836 1836 1858 1791 1833 1853 1833 1833 1806 1741 1674 1635 1583 1583 1583 1612 1756 2045 1923 1923 1898 1837 1844 1852 1863 1863 1851 1795 1808 1810 1798 1798 1851 1883
1532 1532 1575 1895 1925 1730 1531 1531 1696 1764 1841 1683 1797 1797 1653 1673 1598 1685 1863 1863 1991 2033 2008 2207 2180 2180 2039 2093 2153 2130 2225 2225 2037 2158 1975 1769 1616 1616 1630 1865 1845 1903 1942 1942 1932 1907 1887 1935 1879 1879 1843 1819 1819 1869 1931 1931 1867 1799 1723 1613 1583 1583 1583 1583 1691 1664 1751 1751 1975 1802 1840 1845 1842 1842 1807 1868 1868 1984 1897 1897 1866 1840
1372 1372 1383 1409 1611 1415 1571 1571 1710 1938 1680 1561 1620 1620 1652 1639 1628 1808 1841 1841 1694 1878 1897 2039 2087 2087 2023 1951 1973 2068 2116 2116 1932 1835 1735 1705 1499 1499 1728 1744 -9999 -9999 2041 2041 2042 1952 1941 1953 1892 1892 1880 1860 1858 1817 1831 1831 1899 1821 1781 1738 1678 1678 1583 1583 1583 1583 1583 1583 1600 1875 1778 1808 1821 1821 1789 1866 1959 2134 2075 2075 1910 1832
1409 1409 1281 1369 1450 1455 1465 1465 1623 1812 1638 1549 1522 1522 1722 1686 1669 1651 1589 1589 1545 1682 1917 1945 1894 1894 1867 1842 1982 2107 2180 2180 2107 2002 1808 1623 1520 1520 1704 1928 -9999 -9999 -9999 -9999 2068 2071 1973 1939 1983 1983 1942 1848 1801 1796 1802 1802 1779 1822 1782 1748 1716 1716 1674 1617 1589 1657 1624 1624 1601 1594 1718 1864 1770 1770 1791 1897 1953 2181 2147 2147 1865 1824
1348 1348 1257 1385 1319 1385 1435 1435 1564 1714 1564 1516 1341 1341 1534 1574 1631 1516 1506 1506 1624 1583 1833 1921 1807 1807 1840 2081 2168 2264 2165 2165 2136 2104 1878 1804 1496 1496 1599 -9999 -9999 -9999 -9999 -9999 -9999 -9999 -9999 1997 1999 1999 2086 1914 1803 1795 1778 1778 1732 1697 1701 1728 1763 1763 1710 1671 1654 1641 1616 1616 1597 1585 1580 1720 1720 1720 1792 1843 1980 2003 2019 2019 1948 1878
1320 1320 1312 1224 1449 1386 1365 1365 1504 1738 1493 1449 1410 1410 1429 1511 1731 1591 1465 1465 1494 1712 1900 2021 1727 1727 1857 2007 2035 2268 2169 2169 2071 2048 1919 1805 1539 1539 -9999 -9999 -9999 -9999 -9999 -9999 -9999 -9999 -9999 -9999 2016 2016 2052 1924 1795 1763 1768 1768 1777 1730 1701 1671 1630 1630 1633 1718 1635 1614 1598 1598 1599 1597 1594 1590 1615 1615 1710 1930 1951 1890 1879 1879 1815 1821
1320 1320 1312 1224 1449 1386 1365 1365 1504 1738 1493 1449 1410 1410 1429 1511 1731 1591 1465 1465 1494 1712 1900 2021 1727 1727 1857 2007 2035 2268 2169 2169 2071 2048 1919 1805 1539 -9999 -9999 -9999 -9999 -9999 -9999 -9999 -9999 -9999 -9999 -9999 2016 2016 2052 1924 1795 1763 1768 1768 1777 1730 1701 1671 1630 1630 1633 1718 1635 1614 1598 1598 1599 1597 1594 1590 1615 1615 1710 1930 1951 1890 1879 1879 1815 1821
1356 1356 1234 1354 1258 1370 1362 1362 1573 1698 1470 1352 1329 1329 1437 1552 1621 1531 1498 1498 1576 1862 1947 1877 1692 1692 1828 2008 2079 2245 2122 2122 2070 2017 1849 1742 1441 -9999 -9999 -9999 -9999 -9999 -9999 -9999 -9999 -9999 -9999 -9999 -9999 1948 1937 1878 1861 1763 1774 1774 1842 1802 1756 1693 1697 1697 1653 1628 1637 1612 1591 1591 1586 1598 1570 1592 1600 1600 1598 1604 1762 1811 1786 1786 1780 1715
1202 1202 1192 1327 1316 1296 1471 1471 1635 1502 1366 1219 1435 1435 1346 1488 1478 1488 1519 1519 1710 1914 2012 1969 1710 1710 1762 1921 2219 2293 2253 2253 2183 2068 1947 1807 1535 -9999 -9999 -9999 -9999 -9999 -9999 -9999 -9999 -9999 -9999 -9999 -9999 -9999 1879 1826 1844 1839 1862 1862 1893 1896 1854 1841 1747 1747 1719 1711 1718 1740 1756 1756 1605 1600 1584 1563 1592 1592 1597 1618 1620 1680 1729 1729 1849 1801
1300 1300 1227 1254 1301 1398 1533 1533 1515 1474 1351 1205 1275 1275 1397 1397 1387 1443 1560 1560 1589 1818 2003 1831 1744 1744 1702 2024 2173 2108 2340 2340 2185 2082 2062 1719 -9999 -9999 -9999 -9999 -9999 -9999 -9999 -9999 -9999 -9999 -9999 -9999 -9999 -9999 1943 1895 1924 1916 1966 1966 1963 1958 1945 1940 1912 1912 1932 1978 1852 1767 1741 1741 1713 1674 1575 1568 1583 1583 1584 1624 1628 1739 1777 1777 1900 1976
1488 1488 1218 1215 1362 1430 1328 1328 1190 1298 1170 1188 1269 1269 1339 1494 1500 1501 1516 1516 1748 1765 1938 1875 1762 1762 1667 1851 1966 2242 2280 2280 2194 2130 1907 1766 -9999 -9999 -9999 -9999 -9999 -9999 -9999 -9999 -9999 -9999 -9999 -9999 -9999 -9999 -9999 2247 2339 2378 2251 2251 2189 2257 2427 2195 2049 2049 2046 1944 1900 1797 1746 1746 1714 1620 1601 1591 1581 1581 1584 1586 1602 1644 1802 1802 2095 2161
1407 1407 1204 1237 1276 1275 1161 1161 1268 1157 1330 1231 1367 1367 1475 1459 1451 1570 1537 1537 1571 1702 1838 1613 1538 1538 1684 1894 2233 2304 2118 2118 2085 2152 2015 -9999 -9999 -9999 -9999 -9999 -9999 -9999 -9999 -9999 -9999 -9999 -9999 -9999 -9999 -9999 -9999 -9999 2337 2262 2182 2182 2142 2141 2321 2405 2188 2188 2064 1918 1866 1840 1770 1770 1708 1682 1598 1595 1591 1591 1588 1590 1596 1645 1721 1721 1870 2010
1407 1407 1204 1237 1276 1275 1161 1161 1268 1157 1330 1231 1367 1367 1475 1459 1451 1570 1537 1537 1571 1702 1838 1613 1538 1538 1684 1894 2233 2304 2118 2118 2085 2152 2015 -9999 -9999 -9999 -9999 -9999 -9999 -9999 -9999 -9999 -9999 -9999 -9999 -9999 -9999 -9999 -9999 -9999 -9999 -9999 -9999 -9999 2142 2141 2321 2405 2188 2188 2064 1918 1866 1840 1770 1770 1708 1682 1598 1595 1591 1591 1588 1590 1596 1645 1721 1721 1870 2010
1199 1199 1174 1156 1155 1144 1175 1175 1512 1359 1181 1389 1499 1499 1470 1401 1578 1640 1507 1507 1498 1531 1626 1584 1602 1602 1834 1903 2207 2123 2102 2102 2015 2154 -9999 -9999 -9999 -9999 -9999 -9999 -9999 -9999 -9999 -9999 -9999 -9999 -9999 -9999 -9999 -9999 -9999 -9999 -9999 -9999 -9999 -9999 -9999 -9999 -9999 2220 2366 2366 2099 2040 1926 1846 1789 1789 1714 1665 1636 1622 1615 1615 1597 1580 1603 1641 1715 1715 1780 1838
1280 1280 1139 1182 1283 1492 1548 1548 1392 1387 1203 1325 1423 1423 1488 1334 1532 1659 1484 1484 1378 1589 1628 1560 1541 1541 1942 2016 2141 1895 1865 1865 2017 2117 -9999 -9999 -9999 -9999 -9999 -9999 -9999 -9999 -9999 -9999 -9999 -9999 -9999 -9999 -9999 -9999 -9999 -9999 -9999 -9999 -9999 -9999 -9999 -9999 -9999 -9999 2171 2171 2149 2130 1975 1912 1878 1878 1781 1706 1688 1741 1671 1671 1606 1601 1591 1628 1641 1641 1662 1762
1134 1134 1153 1245 1396 1493 1657 1657 1339 1295 1239 1262 1322 1322 1463 1316 1447 1537 1410 1410 1435 1588 1500 1427 1585 1585 1863 2159 2114 1840 1751 1751 1956 -9999 -9999 -9999 -9999 -9999 -9999 -9999 -9999 -9999 -9999 -9999 -9999 -9999 -9999 -9999 -9999 -9999 -9999 -9999 -9999 -9999 -9999 -9999 -9999 -9999 -9999 -9999 -9999 -9999 2007 2047 2188 2182 2066 2066 1860 1752 1779 1722 1648 1648 1686 1615 1604 1588 1607 1607 1624 1641
1158 1158 1183 1316 1524 1733 1616 1616 1410 1447 1283 1320 1220 1220 1297 1311 1379 1340 1547 1547 1501 1523 1465 1618 1831 1831 1964 1907 1879 1633 1799 1799 2069 -9999 -9999 -9999 -9999 -9999 -9999 -9999 -9999 -9999 -9999 -9999 -9999 -9999 -9999 -9999 -9999 -9999 -9999 -9999 -9999 -9999 -9999 -9999 -9999 -9999 -9999 -9999 -9999 -9999 -9999 2310 2323 2375 2334 2334 2142 1886 1756 1725 1693 1693 1684 1630 1639 1661 1598 1598 1601 1603
