ALTITUDBIENMAXENT_recortado.asc
ncols        993
nrows        435
xllcorner    -105.258332676891
yllcorner    17.591666858876
cellsize     0.008333333771
NODATA_value -9999
[rows 252 to 287 of 435, columns 656 to 737 of 993]
4156 4250 4250 4300 4274 4263 4056 3835 3835 3705 3476 3329 3199 3107 3107 3095 2940 2852 2723 2802 2802 2726 2659 2611 2595 2582 2582 2583 2689 2589 2571 2581 2581 2577 2586 2640 2731 2780 2780 2751 2701 2736 2738 2714 2714 2749 2817 2905 3093 3146 3146 3343 3517 3449 3598 3514 3514 3433 3404 3226 3161 3159 3159 3014 3024 3055 2982 2992 2992 3024 3032 3036 3038 3071 3071 3103 3108 3138 3139 3082 3082 3074
4156 4250 4250 4300 4274 4263 4056 3835 3835 3705 3476 3329 3199 3107 3107 3095 2940 2852 2723 2802 2802 2726 2659 2611 2595 2582 2582 2583 2689 2589 2571 2581 2581 2577 2586 2640 2731 2780 2780 2751 2701 2736 2738 2714 2714 2749 2817 2905 3093 3146 3146 3343 3517 3449 3598 3514 3514 3433 3404 3226 3161 3159 3159 3014 3024 3055 2982 2992 2992 3024 3032 3036 3038 3071 3071 3103 3108 3138 3139 3082 3082 3074
3940 4191 4191 4395 4237 4179 3865 3924 3924 3796 3461 3302 3199 3116 3116 3006 2937 2888 2812 2890 2890 2741 2682 2620 2597 2586 2586 2601 2763 2713 2662 2584 2584 2592 2603 2693 2794 2850 2850 2818 2766 2761 2798 2751 2751 2751 2818 3064 3277 3250 3250 3391 3528 3579 3511 3424 3424 3587 3413 3327 3078 3117 3117 3007 3088 2999 2967 3112 3112 3010 3020 3046 3078 3078 3078 3110 3179 3248 3285 3187 3187 3089
3862 3948 3948 3976 3901 3998 3874 3609 3609 3520 3407 3278 3192 3099 3099 3026 3014 2834 2889 2788 2788 2775 2645 2623 2658 2681 2681 2791 2965 2991 2605 2678 2678 2650 2690 2719 2809 2927 2927 2868 2761 2766 2896 2860 2860 2815 2837 2949 3057 3167 3167 3319 3393 3490 3370 3241 3241 3402 3308 3166 3074 3034 3034 3021 3098 3019 2961 2979 2979 2979 3023 3059 3254 3109 3109 3099 3204 3313 3386 3213 3213 3093
3807 3754 3754 3787 3752 3762 3795 3639 3639 3535 3439 3416 3243 3039 3039 3041 2890 2921 2929 2769 2769 2758 2704 2680 2796 2944 2944 2911 2923 2811 2812 2841 2841 2892 2827 2780 2872 2951 2951 2829 2748 2859 2799 2753 2753 2683 2816 2888 2982 3196 3196 3262 3129 3297 3219 3093 3093 3062 3119 3015 3018 2941 2941 2950 2996 2946 2907 3020 3020 3002 2971 3017 3049 3023 3023 3072 3150 3216 3241 3167 3167 3090
3685 3558 3558 3523 3705 3707 3605 3634 3634 3555 3554 3297 3399 3066 3066 2995 2864 2928 2909 2826 2826 2693 2666 2730 2988 3252 3252 3165 2779 2739 2743 2887 2887 2906 2893 2790 2808 2805 2805 2785 2727 2661 2664 2863 2863 2877 2653 2829 2914 3034 3034 3076 3151 3156 3287 3219 3219 3031 3067 2832 2985 2886 2886 2867 2909 2888 2954 3105 3105 3065 2950 2953 2975 2955 2955 3002 3078 3100 3160 3106 3106 3076
3388 3421 3421 3684 3625 3776 3391 3507 3507 3632 3287 3201 3114 3054 3054 2981 2828 2840 2931 2881 2881 2699 2653 2691 2856 3229 3229 3208 3004 2678 2646 2843 2843 2836 2716 2708 2727 2730 2730 2680 2719 2910 2754 2872 2872 2931 2890 2890 2662 2859 2859 3190 3207 3363 3181 3005 3005 2873 3048 3035 2748 2812 2812 2826 2829 2816 2949 3105 3105 3201 2976 2922 2884 2886 2886 2910 2979 3003 3004 3107 3107 3109
3388 3421 3421 3684 3625 3776 3391 3507 3507 3632 3287 3201 3114 3054 3054 2981 2828 2840 2931 2881 2881 2699 2653 2691 2856 3229 3229 3208 3004 2678 2646 2843 2843 2836 2716 2708 2727 2730 2730 2680 2719 2910 2754 2872 2872 2931 2890 2890 2662 2859 2859 3190 3207 3363 3181 3005 3005 2873 3048 3035 2748 2812 2812 2826 2829 2816 2949 3105 3105 3201 2976 2922 2884 2886 2886 2910 2979 3003 3004 3107 3107 3109
3165 3490 3490 3541 3577 3659 3213 3495 3495 3547 3461 3084 2901 3079 3079 2820 2756 2780 2908 2890 2890 2863 2660 2648 2679 2864 2864 2879 2732 2711 2659 2631 2631 2805 2770 2636 2610 2612 2612 2640 2675 2739 2801 2943 2943 2860 2855 2873 2709 2916 2916 3097 3327 3521 3171 3066 3066 2862 3003 3029 2835 2789 2789 2787 2951 2808 2888 2930 2930 2958 2917 2858 2800 2797 2797 2834 2874 2903 2938 2991 2991 3027
3146 3134 3134 3357 3436 3423 3130 3341 3341 3561 3241 3247 2899 2764 2764 2754 2677 2865 2904 2909 2909 2884 2659 2685 2606 2617 2617 2629 2615 2660 2593 2651 2651 2683 2619 2599 2590 2621 2621 2663 2675 2677 2722 2784 2784 2793 2798 2812 2676 2792 2792 2958 3262 3488 3281 3162 3162 3042 3112 3048 2845 2891 2891 2709 2768 2761 2759 2863 2863 2829 2768 2759 2733 2722 2722 2730 2748 2770 2819 2848 2848 2912
3005 2850 2850 3010 3131 3275 2877 3088 3088 3117 2947 2881 2816 2691 2691 2700 2559 2741 2800 2807 2807 2664 2586 2784 2604 2522 2522 2497 2498 2532 2501 2535 2535 2669 2787 2732 2679 2579 2579 2631 2603 2575 2607 2675 2675 2684 2751 2730 2713 2730 2730 2997 3137 3115 3238 3159 3159 2695 2819 2839 2712 2793 2793 2518 2541 2529 2589 2568 2568 2706 2638 2670 2620 2605 2605 2592 2625 2628 2639 2688 2688 2742
2874 2807 2807 2833 2781 2840 2989 2585 2585 2755 2699 2731 2714 2499 2499 2644 2531 2561 2754 2788 2788 2546 2628 2741 2673 2635 2635 2508 2444 2424 2507 2588 2588 2532 2601 2572 2499 2441 2441 2550 2545 2515 2518 2580 2580 2588 2620 2628 2666 2717 2717 2780 3072 3207 3216 2947 2947 2931 2551 2698 2564 2527 2527 2388 2388 2400 2429 2440 2440 2400 2369 2385 2345 2285 2285 2455 2478 2471 2400 2496 2496 2506
2836 2719 2719 2647 2701 2701 2679 2630 2630 2543 2617 2545 2421 2402 2402 2408 2386 2425 2622 2518 2518 2563 2597 2557 2406 2338 2338 2460 2452 2404 2404 2348 2348 2563 2541 2502 2335 2476 2476 2438 2450 2455 2438 2481 2481 2529 2539 2560 2583 2656 2656 2822 2815 2899 2928 2790 2790 2607 2495 2430 2508 2463 2463 2260 2244 2259 2280 2294 2294 2290 2234 2165 2114 2059 2059 2033 2030 1934 1937 1955 1955 2142
2836 2719 2719 2647 2701 2701 2679 2630 2630 2543 2617 2545 2421 2402 2402 2408 2386 2425 2622 2518 2518 2563 2597 2557 2406 2338 2338 2460 2452 2404 2404 2348 2348 2563 2541 2502 2335 2476 2476 2438 2450 2455 2438 2481 2481 2529 2539 2560 2583 2656 2656 2822 2815 2899 2928 2790 2790 2607 2495 2430 2508 2463 2463 2260 2244 2259 2280 2294 2294 2290 2234 2165 2114 2059 2059 2033 2030 1934 1937 1955 1955 2142
2714 2690 2690 2705 2593 2518 2533 2639 2639 2553 2402 2354 2308 2317 2317 2355 2355 2344 2280 2348 2348 2376 2385 2211 2240 2250 2250 2324 2454 2453 2319 2275 2275 2374 2373 2397 2190 2248 2248 2336 2363 2403 2392 2400 2400 2440 2477 2513 2572 2582 2582 2666 2733 2614 2687 2512 2512 2509 2373 2366 2224 2228 2228 2117 2097 2090 2125 2176 2176 2177 2083 2040 1943 1954 1954 1910 1848 1801 1815 1845 1845 1900
2663 2607 2607 2574 2607 2484 2504 2519 2519 2376 2456 2315 2350 2230 2230 2305 2296 2301 2226 2353 2353 2392 2370 2187 2189 2187 2187 2186 2203 2287 2077 2087 2087 2288 2392 2353 2093 2072 2072 2155 2299 2381 2366 2316 2316 2343 2364 2440 2489 2510 2510 2599 2599 2453 2469 2344 2344 2213 2469 2228 2218 2097 2097 2080 1980 1948 1978 2002 2002 2028 1956 1917 1866 1840 1840 1784 1735 1744 1744 1767 1767 1817
2599 2644 2644 2526 2542 2475 2350 2448 2448 2320 2352 2270 2258 2213 2213 2230 2210 2171 2222 2100 2100 2344 2107 2124 2116 2040 2040 2100 2148 2240 2065 2073 2073 2357 2355 2111 2013 2037 2037 2096 2276 2345 2206 2246 2246 2314 2432 2444 2444 2471 2471 2468 2505 2451 2260 2155 2155 2299 2272 2166 2129 2007 2007 1986 1897 1852 1856 1861 1861 1884 1837 1851 1780 1708 1708 1691 1663 1671 1684 1681 1681 1756
2572 2559 2559 2508 2517 2484 2457 2391 2391 2316 2280 2205 2191 2238 2238 2214 2218 2113 2141 2093 2093 2047 2048 2197 2020 2022 2022 2033 2054 2116 2054 2080 2080 2246 2153 1966 1951 2099 2099 2061 2382 2420 2304 2012 2012 2253 2392 2501 2399 2360 2360 2460 2463 2404 2341 2119 2119 2058 2189 2060 2035 1943 1943 1846 1833 1802 1793 1780 1780 1769 1764 1758 1700 1684 1684 1641 1594 1575 1604 1615 1615 1648
2514 2514 2514 2410 2489 2503 2418 2435 2435 2321 2236 2167 2194 2178 2178 2092 2154 2135 2127 2067 2067 2083 2032 2025 2002 2025 2025 2025 2040 2035 2048 2091 2091 2068 2061 1814 1916 1825 1825 1969 2255 2480 2254 2017 2017 2057 2364 2450 2277 2122 2122 2364 2386 2241 2007 2158 2158 1920 2120 2055 1981 1870 1870 1808 1753 1734 1748 1728 1728 1687 1702 1662 1628 1632 1632 1615 1582 1536 1547 -9999 -9999 -9999
2514 2514 2514 2410 2489 2503 2418 2435 2435 2321 2236 2167 2194 2178 2178 2092 2154 2135 2127 2067 2067 2083 2032 2025 2002 2025 2025 2025 2040 2035 2048 2091 2091 2068 2061 1814 1916 1825 1825 1969 2255 2480 2254 2017 2017 2057 2364 2450 2277 2122 2122 2364 2386 2241 2007 2158 2158 1920 2120 2055 1981 1870 1870 1808 1753 1734 1748 1728 1728 1687 1702 1662 1628 1632 -9999 -9999 -9999 -9999 -9999 -9999 -9999 -9999
2454 2446 2446 2368 2394 2458 2341 2316 2316 2144 2227 2172 2143 2139 2139 2113 2100 2078 2082 2056 2056 1890 2065 2045 2008 2024 2024 2037 2037 2050 2041 2105 2105 2276 1942 1733 1767 1889 1889 2019 2147 2254 2022 1796 1796 2029 2291 2217 2061 2110 2110 2330 2162 1858 1762 1910 1910 1938 2029 1893 1890 1833 1833 1776 1688 1686 1669 1647 1647 1647 -9999 -9999 -9999 -9999 -9999 -9999 -9999 -9999 -9999 -9999 -9999 -9999
2404 2386 2386 2309 2383 2425 2321 2307 2307 2349 2066 2116 2051 2047 2047 2096 2075 2057 2039 1861 1861 2059 2098 2066 2224 2048 2048 2029 2041 2055 2274 2014 2014 2145 1984 1698 1819 1905 1905 2017 2063 2058 1984 1733 1733 1913 2075 1977 2145 2296 2296 2176 2045 2255 1770 1829 1829 1857 1853 1791 1733 1720 1720 1677 1632 1630 1623 -9999 -9999 -9999 -9999 -9999 -9999 -9999 -9999 -9999 -9999 -9999 -9999 -9999 -9999 -9999
2254 2275 2275 2261 2155 2348 2404 2414 2414 2403 2185 2058 2047 2048 2048 2041 2030 2020 1986 1956 1956 2041 2085 2106 2104 2060 2060 2044 2067 2116 2148 1817 1817 1752 1648 1642 1620 1824 1824 1860 1891 1909 1681 1911 1911 2001 1913 2014 2197 2080 2080 1893 1864 1857 1718 1793 1793 1786 1762 1697 1695 1639 1639 1591 1535 -9999 -9999 -9999 -9999 -9999 -9999 -9999 -9999 -9999 -9999 -9999 -9999 -9999 -9999 -9999 -9999 -9999
-9999 -9999 2215 2205 2197 2158 2241 2440 2440 2449 2124 1997 1992 1973 1973 2007 1989 1966 1962 1782 1782 1998 2162 2232 2132 2079 2079 2116 2400 2304 2240 1914 1914 1654 1622 1579 1580 1644 1644 1687 1594 1565 1679 1949 1949 2184 2114 2025 2029 2013 2013 1784 1711 1741 1736 1737 1737 1721 1696 1679 1653 1628 -9999 -9999 -9999 -9999 -9999 -9999 -9999 -9999 -9999 -9999 -9999 -9999 -9999 -9999 -9999 -9999 -9999 -9999 -9999 -9999
-9999 -9999 -9999 -9999 2087 2120 2244 2379 2379 2230 2060 1948 1914 1926 1926 1924 1936 1938 1908 1858 1858 1922 1938 2001 2243 2114 2114 2400 2425 2329 1926 1816 1816 1556 1550 1515 1535 1537 1537 1526 1495 1558 1655 1871 1871 2060 2358 2229 1901 1777 1777 1688 1681 1700 1689 1645 1645 1684 1648 -9999 -9999 -9999 -9999 -9999 -9999 -9999 -9999 -9999 -9999 -9999 -9999 -9999 -9999 -9999 -9999 -9999 -9999 -9999 -9999 -9999 -9999 -9999
-9999 -9999 -9999 -9999 -9999 -9999 2244 2379 2379 2230 2060 1948 1914 1926 1926 1924 1936 1938 1908 1858 1858 1922 1938 2001 2243 2114 2114 2400 2425 2329 1926 1816 1816 1556 1550 1515 1535 1537 1537 1526 1495 -9999 -9999 -9999 -9999 -9999 2358 2229 1901 1777 1777 1688 1681 1700 1689 1645 -9999 -9999 -9999 -9999 -9999 -9999 -9999 -9999 -9999 -9999 -9999 -9999 -9999 -9999 -9999 -9999 -9999 -9999 -9999 -9999 -9999 -9999 -9999 -9999 -9999 -9999
-9999 -9999 -9999 -9999 -9999 -9999 -9999 -9999 -9999 2241 2115 1958 1920 1918 1918 1851 1882 1929 1863 1865 1865 1799 1823 1871 1948 2099 2099 2341 2358 2284 1960 1813 1813 1583 1541 1478 1472 1480 -9999 -9999 -9999 -9999 -9999 -9999 -9999 -9999 -9999 2012 1798 1658 1658 1600 1619 1663 1580 1649 -9999 -9999 -9999 -9999 -9999 -9999 -9999 -9999 -9999 -9999 -9999 -9999 -9999 -9999 -9999 -9999 -9999 -9999 -9999 -9999 -9999 -9999 -9999 -9999 -9999 -9999
-9999 -9999 -9999 -9999 -9999 -9999 -9999 -9999 -9999 -9999 -9999 2102 1928 1861 1861 1877 1858 1854 1829 1840 1840 1664 1795 1840 1849 2023 2023 2231 2451 2078 2042 1936 1936 2030 1779 -9999 -9999 -9999 -9999 -9999 -9999 -9999 -9999 -9999 -9999 -9999 -9999 -9999 -9999 1729 1729 1526 1562 1604 1582 -9999 -9999 -9999 -9999 -9999 -9999 -9999 -9999 -9999 -9999 -9999 -9999 -9999 -9999 -9999 -9999 -9999 -9999 -9999 -9999 -9999 -9999 -9999 -9999 -9999 -9999 -9999
-9999 -9999 -9999 -9999 -9999 -9999 -9999 -9999 -9999 -9999 -9999 -9999 -9999 -9999 -9999 1835 1827 1783 1781 1815 1815 1792 1768 1763 1797 1896 1896 2133 2209 2024 1970 2223 -9999 -9999 -9999 -9999 -9999 -9999 -9999 -9999 -9999 -9999 -9999 -9999 -9999 -9999 -9999 -9999 -9999 -9999 -9999 -9999 1543 1581 -9999 -9999 -9999 -9999 -9999 -9999 -9999 -9999 -9999 -9999 -9999 -9999 -9999 -9999 -9999 -9999 -9999 -9999 -9999 -9999 -9999 -9999 -9999 -9999 -9999 -9999 -9999 -9999
-9999 -9999 -9999 -9999 -9999 -9999 -9999 -9999 -9999 -9999 -9999 -9999 -9999 -9999 -9999 -9999 -9999 -9999 -9999 -9999 -9999 1713 1777 1746 1742 1774 1774 1995 2180 2060 -9999 -9999 -9999 -9999 -9999 -9999 -9999 -9999 -9999 -9999 -9999 -9999 -9999 -9999 -9999 -9999 -9999 -9999 -9999 -9999 -9999 -9999 -9999 -9999 -9999 -9999 -9999 -9999 -9999 -9999 -9999 -9999 -9999 -9999 -9999 -9999 -9999 -9999 -9999 -9999 -9999 -9999 -9999 -9999 -9999 -9999 -9999 -9999 -9999 -9999 -9999 -9999
-9999 -9999 -9999 -9999 -9999 -9999 -9999 -9999 -9999 -9999 -9999 -9999 -9999 -9999 -9999 -9999 -9999 -9999 -9999 -9999 -9999 -9999 -9999 -9999 -9999 -9999 1802 -9999 -9999 -9999 -9999 -9999 -9999 -9999 -9999 -9999 -9999 -9999 -9999 -9999 -9999 -9999 -9999 -9999 -9999 -9999 -9999 -9999 -9999 -9999 -9999 -9999 -9999 -9999 -9999 -9999 -9999 -9999 -9999 -9999 -9999 -9999 -9999 -9999 -9999 -9999 -9999 -9999 -9999 -9999 -9999 -9999 -9999 -9999 -9999 -9999 -9999 -9999 -9999 -9999 -9999 -9999
-9999 -9999 -9999 -9999 -9999 -9999 -9999 -9999 -9999 -9999 -9999 -9999 -9999 -9999 -9999 -9999 -9999 -9999 -9999 -9999 -9999 -9999 -9999 -9999 -9999 -9999 -9999 -9999 -9999 -9999 -9999 -9999 -9999 -9999 -9999 -9999 -9999 -9999 -9999 -9999 -9999 -9999 -9999 -9999 -9999 -9999 -9999 -9999 -9999 -9999 -9999 -9999 -9999 -9999 -9999 -9999 -9999 -9999 -9999 -9999 -9999 -9999 -9999 -9999 -9999 -9999 -9999 -9999 -9999 -9999 -9999 -9999 -9999 -9999 -9999 -9999 -9999 -9999 -9999 -9999 -9999 -9999
-9999 -9999 -9999 -9999 -9999 -9999 -9999 -9999 -9999 -9999 -9999 -9999 -9999 -9999 -9999 -9999 -9999 -9999 -9999 -9999 -9999 -9999 -9999 -9999 -9999 -9999 -9999 -9999 -9999 -9999 -9999 -9999 -9999 -9999 -9999 -9999 -9999 -9999 -9999 -9999 -9999 -9999 -9999 -9999 -9999 -9999 -9999 -9999 -9999 -9999 -9999 -9999 -9999 -9999 -9999 -9999 -9999 -9999 -9999 -9999 -9999 -9999 -9999 -9999 -9999 -9999 -9999 -9999 -9999 -9999 -9999 -9999 -9999 -9999 -9999 -9999 -9999 -9999 -9999 -9999 -9999 -9999
-9999 -9999 -9999 -9999 -9999 -9999 -9999 -9999 -9999 -9999 -9999 -9999 -9999 -9999 -9999 -9999 -9999 -9999 -9999 -9999 -9999 -9999 -9999 -9999 -9999 -9999 -9999 -9999 -9999 -9999 -9999 -9999 -9999 -9999 -9999 -9999 -9999 -9999 -9999 -9999 -9999 -9999 -9999 -9999 -9999 -9999 -9999 -9999 -9999 -9999 -9999 -9999 -9999 -9999 -9999 -9999 -9999 -9999 -9999 -9999 -9999 -9999 -9999 -9999 -9999 -9999 -9999 -9999 -9999 -9999 -9999 -9999 -9999 -9999 -9999 -9999 -9999 -9999 -9999 -9999 -9999 -9999
-9999 -9999 -9999 -9999 -9999 -9999 -9999 -9999 -9999 -9999 -9999 -9999 -9999 -9999 -9999 -9999 -9999 -9999 -9999 -9999 -9999 -9999 -9999 -9999 -9999 -9999 -9999 -9999 -9999 -9999 -9999 -9999 -9999 -9999 -9999 -9999 -9999 -9999 -9999 -9999 -9999 -9999 -9999 -9999 -9999 -9999 -9999 -9999 -9999 -9999 -9999 -9999 -9999 -9999 -9999 -9999 -9999 -9999 -9999 -9999 -9999 -9999 -9999 -9999 -9999 -9999 -9999 -9999 -9999 -9999 -9999 -9999 -9999 -9999 -9999 -9999 -9999 -9999 -9999 -9999 -9999 -9999
-9999 -9999 -9999 -9999 -9999 -9999 -9999 -9999 -9999 -9999 -9999 -9999 -9999 -9999 -9999 -9999 -9999 -9999 -9999 -9999 -9999 -9999 -9999 -9999 -9999 -9999 -9999 -9999 -9999 -9999 -9999 -9999 -9999 -9999 -9999 -9999 -9999 -9999 -9999 -9999 -9999 -9999 -9999 -9999 -9999 -9999 -9999 -9999 -9999 -9999 -9999 -9999 -9999 -9999 -9999 -9999 -9999 -9999 -9999 -9999 -9999 -9999 -9999 -9999 -9999 -9999 -9999 -9999 -9999 -9999 -9999 -9999 -9999 -9999 -9999 -9999 -9999 -9999 -9999 -9999 -9999 -9999
