bio_14_recortado.asc
ncols        993
nrows        435
xllcorner    -105.258332676891
yllcorner    17.591666858876
cellsize     0.008333333771
NODATA_value -9999
[rows 200 to 249 of 435, columns 864 to 959 of 993]
7 7 7 7 7 7 6 6 6 6 6 6 6 7 7 8 9 8 11 12 13 14 15 14 12 13 14 12 11 8 7 10 9 10 10 12 10 10 11 12 15 15 10 8 7 7 6 7 7 7 7 7 6 6 7 7 7 7 7 7 7 6 6 6 6 5 5 5 5 5 5 5 5 5 5 5 5 5 5 5 6 6 6 6 6 7 7 8 8 8 9 9 10 10 10 10
7 7 6 7 6 6 6 6 6 6 6 6 6 7 7 7 8 10 12 12 13 15 16 16 14 16 15 15 12 11 9 13 13 11 11 11 11 10 12 15 14 14 12 9 7 6 7 7 6 7 7 7 6 6 7 7 7 7 7 7 7 6 6 6 6 6 5 5 5 5 5 5 5 5 5 5 5 5 5 5 5 6 6 6 6 7 7 7 8 8 9 9 10 9 10 10
7 6 6 6 6 6 6 6 6 6 6 6 6 7 8 9 8 10 12 13 13 14 16 16 17 17 16 15 15 13 11 12 13 13 12 10 9 11 12 13 13 13 10 6 6 6 7 7 6 7 7 6 6 7 7 7 7 7 7 7 6 6 6 6 6 6 5 5 5 5 5 5 5 5 5 5 5 5 5 5 5 6 6 6 6 6 7 7 8 8 8 9 9 9 9 10
6 6 6 6 6 6 6 6 6 6 7 7 6 8 11 10 10 10 10 12 13 14 15 15 15 16 16 15 16 14 13 12 12 10 10 10 8 10 9 12 11 12 10 8 6 7 7 7 6 7 7 7 7 7 7 7 7 7 7 7 6 6 6 6 6 5 5 5 5 5 5 5 5 5 4 5 5 5 5 5 5 6 6 6 6 6 7 7 7 8 8 8 8 9 9 9
6 6 6 6 6 6 6 6 6 6 7 7 7 7 7 10 10 10 12 13 13 13 13 14 15 16 14 15 16 16 15 15 13 10 9 8 7 8 8 11 10 9 8 11 8 6 7 7 7 7 7 7 7 7 7 7 7 7 7 6 6 6 6 6 6 5 5 5 5 5 5 5 5 5 8 10 5 5 5 5 5 6 6 6 6 6 7 7 7 8 8 8 8 8 9 9
6 6 6 6 6 6 6 6 6 6 6 6 6 6 7 8 10 11 12 13 12 11 11 15 15 12 12 14 15 15 17 16 14 12 11 10 8 7 7 10 9 6 8 8 6 6 7 7 7 7 7 7 7 7 7 7 7 7 7 6 6 6 6 6 6 5 5 5 5 5 6 5 5 6 10 9 5 5 6 5 5 6 6 6 6 6 7 7 7 7 8 8 8 8 9 9
6 6 6 6 6 6 6 7 6 6 6 6 6 7 7 8 9 11 11 12 13 11 10 9 9 10 11 12 13 14 15 17 15 13 11 9 8 7 6 6 6 6 6 6 7 7 7 7 7 7 7 7 7 7 7 7 7 7 6 6 6 6 6 5 5 6 6 5 5 6 6 6 5 5 5 4 5 5 6 5 6 6 6 6 6 6 6 7 7 7 8 8 8 8 8 9
6 6 6 6 6 6 6 6 6 6 6 6 6 6 7 7 7 9 9 12 13 13 11 10 8 10 11 11 14 14 16 13 14 15 13 10 8 9 7 6 6 6 6 6 7 7 7 7 7 7 7 7 7 7 7 7 7 6 6 6 6 6 4 4 5 5 6 6 6 6 6 6 6 5 5 5 5 5 6 6 6 6 6 6 6 6 6 7 7 7 8 8 8 8 8 9
6 6 6 6 6 6 6 6 6 6 6 6 7 6 6 6 7 8 10 11 12 13 12 12 8 8 10 12 13 14 14 11 13 15 15 14 11 10 9 7 6 6 6 6 7 7 7 7 7 7 7 7 7 7 7 7 6 6 6 6 5 4 4 5 6 6 6 6 6 6 6 6 6 5 5 5 5 5 5 5 5 5 6 5 5 6 6 6 7 7 7 8 7 8 8 9
6 6 6 6 6 6 6 6 6 6 6 7 7 6 6 6 7 7 7 8 9 11 10 8 9 9 11 13 13 13 12 10 14 15 13 14 14 12 13 8 6 6 6 6 7 7 7 7 7 7 7 7 7 7 7 7 6 6 6 6 5 5 5 6 6 6 6 6 6 6 6 6 5 5 5 5 5 5 5 5 5 5 5 5 5 5 6 6 6 7 7 7 7 13 11 10
6 6 6 6 6 6 6 6 6 6 6 7 6 6 6 6 6 6 7 7 8 8 9 7 8 8 8 8 8 10 9 8 9 12 11 14 15 15 13 8 6 6 6 6 7 7 7 7 7 7 7 7 7 7 7 6 6 6 6 5 5 6 6 6 6 6 6 6 6 5 5 5 5 5 5 5 5 5 5 5 5 5 5 5 5 5 6 6 6 6 6 6 8 13 20 11
6 6 6 6 6 6 6 6 6 6 6 6 6 6 6 6 6 7 7 7 7 7 7 7 9 7 7 7 7 8 7 7 8 8 8 12 13 12 12 8 6 6 6 6 6 7 7 7 7 7 7 7 7 7 6 6 6 6 6 6 6 6 6 6 6 6 6 6 6 5 5 5 5 5 5 5 5 5 5 5 5 5 4 5 5 5 5 6 6 6 6 6 10 14 17 12
6 6 6 6 6 6 6 6 6 6 6 6 6 6 6 6 6 7 7 6 7 8 8 7 7 7 6 6 7 7 7 7 7 7 7 8 11 9 12 9 6 6 6 6 6 7 7 7 7 7 7 7 7 6 6 6 6 6 6 6 6 6 6 6 6 6 6 5 5 5 5 5 5 5 5 5 5 5 5 5 5 5 4 4 4 5 5 5 5 5 6 6 8 14 9 9
6 6 6 6 6 6 6 6 6 6 6 6 6 6 6 6 6 6 6 6 7 7 7 7 6 6 6 6 6 6 6 6 6 6 6 7 7 7 9 10 6 6 6 6 6 6 7 7 7 7 7 7 7 6 6 6 6 6 6 6 6 6 6 6 6 6 5 5 5 5 5 5 5 5 5 5 5 5 5 5 5 5 4 4 4 5 5 5 5 5 6 7 8 9 7 8
6 6 6 6 6 6 6 6 6 6 6 6 6 6 6 6 6 6 6 6 7 7 7 7 6 6 6 6 6 6 6 6 6 6 6 6 6 7 7 9 7 6 6 6 6 6 6 6 6 7 7 6 6 6 6 6 6 6 6 6 6 6 6 6 5 5 5 5 5 5 5 5 5 5 5 5 5 5 5 5 5 5 5 4 4 4 5 5 5 5 5 6 6 6 7 7
6 6 6 6 6 6 6 6 6 6 6 6 6 6 6 6 6 6 6 6 7 6 6 6 6 6 6 6 6 6 6 6 6 6 6 6 6 6 7 7 8 7 6 6 6 6 6 6 6 6 6 6 6 6 6 6 6 6 6 6 6 5 6 5 5 5 5 5 5 5 5 5 5 5 5 5 4 4 4 4 5 5 5 5 5 5 6 5 5 6 5 6 6 6 7 7
6 6 6 6 6 6 6 6 6 6 6 6 6 6 6 6 6 6 6 6 6 6 6 6 6 6 6 6 6 6 6 6 6 6 6 6 6 6 6 6 8 6 5 6 6 5 6 5 6 5 6 6 6 6 6 6 6 6 6 5 5 5 5 5 5 5 5 5 5 5 5 5 5 5 5 5 4 5 5 4 5 5 5 5 5 5 5 4 5 6 6 6 6 7 7 7
6 6 6 6 6 6 6 6 6 6 6 6 6 6 6 6 6 6 6 6 6 6 6 6 6 6 6 6 6 6 6 6 6 6 6 6 6 6 6 6 6 7 6 6 5 5 5 5 5 5 6 6 6 6 6 6 6 6 5 5 5 5 5 5 5 5 5 5 5 5 5 5 5 5 5 5 5 4 4 5 5 5 5 5 5 5 5 5 6 6 6 6 6 6 6 6
6 6 6 6 6 6 6 7 6 6 6 6 6 6 6 6 6 6 6 6 6 6 6 6 6 6 6 6 6 6 6 6 6 6 6 6 6 6 6 6 6 6 5 5 5 5 5 6 5 5 6 6 6 6 6 6 6 6 5 5 5 5 5 5 5 4 4 4 4 5 5 5 5 5 5 5 5 5 5 5 5 5 5 5 5 5 5 6 6 6 6 6 6 6 6 7
6 6 6 6 6 6 6 6 6 6 6 6 6 6 6 6 6 6 6 6 6 6 6 6 6 6 6 6 6 6 6 6 6 6 6 6 6 6 6 6 5 6 5 6 7 7 7 6 5 5 5 6 6 6 6 6 6 6 6 5 5 5 5 5 4 4 4 4 4 4 5 5 5 5 5 5 5 5 4 5 5 5 5 5 5 5 6 6 6 6 6 6 6 5 7 9
6 6 6 6 6 6 6 6 6 6 6 6 6 6 6 6 6 6 6 6 6 6 6 6 6 6 6 6 6 6 6 6 6 6 6 6 6 6 6 6 5 5 5 5 5 6 6 5 5 5 5 6 6 6 6 6 6 6 6 6 5 5 5 4 4 5 5 5 4 4 5 5 5 5 5 5 5 5 4 5 5 5 5 5 5 5 6 6 6 6 6 6 7 6 8 10
6 6 6 6 6 6 6 6 6 6 6 6 6 6 6 6 6 6 6 6 6 6 6 6 6 6 6 6 6 6 6 6 6 6 6 6 6 6 5 5 5 5 5 5 5 6 5 5 5 6 6 6 6 6 6 6 6 6 6 5 5 5 5 5 4 5 8 11 5 4 5 5 5 5 5 5 5 4 5 5 5 5 5 5 5 5 6 6 6 5 5 5 8 10 11 15
6 6 6 6 6 6 6 6 6 6 6 6 6 6 6 6 6 6 6 6 6 6 6 6 6 6 6 6 6 6 6 6 6 6 6 6 6 5 5 5 5 5 5 5 5 5 5 5 5 5 6 6 6 6 6 6 6 6 6 5 5 5 5 4 4 5 7 6 4 4 5 5 5 5 5 5 4 5 5 5 5 5 5 5 6 5 6 6 6 5 5 6 8 11 13 13
6 6 6 6 6 6 6 6 6 6 6 6 6 6 6 6 6 6 6 6 6 6 6 6 6 6 6 6 6 6 6 6 6 6 6 6 6 5 5 5 5 5 5 5 5 5 5 5 5 5 5 5 6 6 6 6 6 5 5 5 5 5 5 5 4 4 4 4 4 5 5 5 5 5 5 5 5 5 5 5 5 5 5 6 6 6 6 6 5 5 6 9 11 15 18 16
7 7 7 6 6 6 6 6 6 6 6 6 6 6 6 6 6 6 6 6 6 6 6 6 6 6 6 6 6 6 6 6 6 6 6 6 6 5 5 5 5 5 5 5 5 5 5 5 5 5 5 5 5 5 5 5 5 5 5 4 5 5 5 5 5 5 4 5 5 4 5 5 5 5 5 5 5 5 5 5 5 5 6 6 6 6 6 6 6 5 6 10 12 20 18 19
7 7 7 7 7 7 6 6 6 6 6 6 6 6 6 6 6 6 6 6 6 6 6 6 6 6 6 6 6 6 6 6 6 6 6 6 6 5 5 5 5 5 5 5 5 5 5 5 5 5 5 5 5 5 5 5 5 5 5 5 5 5 5 5 5 5 5 5 5 5 5 5 5 5 5 5 5 5 5 5 5 5 6 6 6 6 6 6 6 5 7 9 12 16 19 20
7 7 7 7 7 7 7 7 7 6 6 6 6 6 6 6 6 6 6 6 6 6 6 6 6 6 6 6 6 6 6 6 6 6 6 6 6 5 5 5 5 5 5 5 5 5 5 5 5 4 4 5 5 5 5 5 5 5 5 5 5 4 5 5 5 5 5 5 5 5 5 5 5 5 5 5 5 5 5 5 5 6 6 6 6 6 6 6 5 6 8 12 13 15 20 22
7 8 7 7 7 7 7 7 7 7 6 6 6 6 6 6 6 6 6 6 6 6 6 6 6 6 6 6 6 6 6 6 6 6 5 5 5 5 5 5 5 5 5 5 5 5 5 5 4 4 4 4 4 4 5 5 5 5 5 5 5 5 5 5 5 5 5 5 5 5 5 5 5 5 5 5 5 5 5 5 6 6 6 6 6 6 6 6 6 12 13 19 20 21 21 23
8 8 8 8 8 8 7 7 7 7 7 7 6 6 6 6 6 6 6 6 6 6 6 6 6 6 6 5 6 6 6 6 6 6 5 5 5 5 5 5 5 5 5 5 5 5 5 5 4 4 4 4 4 4 4 4 5 5 5 5 5 5 5 5 5 5 5 5 5 7 9 8 5 5 5 5 5 5 5 6 6 6 6 6 6 6 6 6 6 14 18 18 21 23 24 25
8 8 8 8 9 8 8 8 8 7 7 7 7 6 6 6 6 6 6 6 6 6 6 6 6 5 5 5 5 5 5 5 5 6 5 5 5 5 5 5 5 5 5 5 5 5 5 4 4 4 4 4 4 4 4 4 4 4 4 5 5 5 4 4 4 4 5 5 5 17 22 17 7 5 5 5 5 5 5 6 6 6 6 6 6 6 6 6 6 9 12 17 21 24 25 28
9 9 10 9 10 9 9 8 8 8 7 7 7 7 6 6 6 6 6 6 6 6 6 6 6 5 5 5 5 5 5 5 5 5 5 5 5 5 5 5 5 5 5 4 5 4 4 4 4 4 4 4 4 4 4 4 4 4 4 4 4 4 4 4 4 4 4 7 9 19 20 13 7 5 5 5 5 5 5 6 6 6 6 6 6 6 6 6 7 10 13 18 22 25 28 31
10 10 10 11 10 10 10 10 9 8 8 7 7 7 6 6 6 6 6 6 6 6 6 6 6 5 5 5 5 5 5 5 5 5 5 5 5 5 5 5 5 5 5 4 4 4 4 4 4 4 4 4 4 4 4 4 4 4 4 4 4 4 4 4 4 4 4 4 8 10 12 6 6 5 5 5 5 5 5 5 6 6 6 6 6 6 6 6 8 10 14 18 21 25 27 30
11 11 11 11 11 11 11 11 10 9 8 8 7 7 7 6 6 6 6 6 6 6 6 6 6 5 5 5 5 5 5 5 5 5 5 5 5 5 5 5 5 5 4 4 4 4 4 4 4 4 4 4 4 4 4 4 4 4 4 4 4 4 4 4 4 4 4 4 5 6 9 9 17 12 6 5 5 5 5 5 6 5 6 6 6 6 6 7 7 8 12 16 21 26 28 30
11 11 12 12 12 12 12 11 10 9 9 8 7 7 7 6 6 6 6 6 6 6 6 6 6 5 5 5 5 5 5 5 5 5 5 5 5 5 5 5 5 5 4 4 4 4 4 4 4 4 4 4 4 4 4 4 4 4 4 4 4 4 4 4 4 4 4 4 5 5 6 14 23 20 10 5 5 5 5 5 5 6 6 6 6 6 7 7 7 9 12 14 19 22 25 27
12 12 12 13 12 12 12 12 11 10 9 8 7 7 7 7 6 6 6 6 6 6 6 6 6 6 5 5 5 5 5 5 5 5 5 5 5 5 5 5 5 4 4 4 4 4 4 4 4 4 4 4 4 4 4 4 4 4 4 4 4 4 4 4 4 4 4 4 5 5 5 10 18 22 11 5 5 5 5 5 6 6 6 6 6 6 7 8 9 12 13 15 18 20 24 27
12 12 13 14 13 13 13 12 11 11 9 8 8 7 7 7 6 6 6 6 6 6 6 6 6 6 5 5 5 5 5 5 5 5 5 5 5 5 5 5 5 4 4 4 4 4 4 4 4 4 4 4 4 4 4 4 4 4 4 4 4 4 4 4 4 4 4 4 4 5 5 6 9 11 6 5 5 5 5 6 6 6 6 6 6 7 7 9 10 12 16 18 19 21 23 25
13 14 15 15 14 13 13 12 11 10 9 9 8 8 7 7 7 6 6 6 6 6 6 6 6 6 5 5 5 5 5 5 5 5 5 5 5 5 5 5 5 5 4 4 4 4 4 4 4 4 4 4 4 4 4 4 4 4 4 4 4 4 4 4 4 4 4 4 5 5 5 5 5 5 5 5 5 5 6 6 6 6 6 6 7 7 8 10 11 13 19 21 22 23 25 26
13 15 16 17 15 13 13 14 12 11 10 9 8 8 7 7 7 6 6 6 6 6 6 6 6 6 5 5 5 5 5 5 5 5 5 5 5 5 5 5 5 5 4 4 4 4 4 4 4 4 4 4 4 4 4 4 4 4 4 4 4 4 4 4 4 4 4 4 4 5 5 5 5 5 5 5 5 6 6 6 6 6 6 6 7 8 8 10 12 15 18 27 27 26 27 29
13 15 17 18 16 15 14 13 12 11 10 9 8 7 7 7 7 6 6 6 6 6 6 6 6 6 6 5 5 5 5 5 5 5 5 5 5 5 5 5 5 5 4 4 4 4 4 4 4 4 4 4 4 4 4 4 4 4 4 4 4 4 4 4 4 4 4 4 5 5 5 5 5 5 5 5 6 6 6 6 6 6 6 7 7 9 10 11 14 17 20 24 28 28 30 30
13 14 16 15 15 14 13 13 12 11 10 9 8 7 7 7 7 6 6 6 6 6 6 6 6 6 6 5 5 5 5 5 5 5 5 5 5 5 5 5 5 5 4 4 4 4 4 4 4 4 4 4 4 4 4 4 4 4 4 4 4 4 4 4 4 4 4 4 5 5 5 5 5 5 5 5 6 6 6 6 6 6 6 7 7 9 11 13 16 19 23 25 27 32 32 33
12 13 14 14 13 13 13 13 12 11 9 9 8 7 7 7 7 6 6 6 6 6 6 6 6 6 6 6 5 5 5 5 5 5 5 5 5 5 5 5 5 5 5 4 4 4 4 4 4 4 4 4 4 4 4 4 4 4 4 4 4 4 4 4 4 4 4 4 5 5 5 5 5 5 5 5 6 6 6 6 6 6 7 7 8 10 12 15 18 20 24 30 32 34 34 34
12 12 13 14 13 12 13 12 12 11 10 9 8 7 7 7 7 7 6 6 6 6 6 6 6 6 6 6 6 5 5 5 5 5 5 5 5 5 5 5 5 5 5 4 4 4 4 4 4 4 4 4 4 4 4 4 4 4 4 4 4 4 4 4 4 4 4 4 5 5 5 5 5 5 5 5 6 6 6 6 6 6 7 7 10 13 16 18 20 22 25 28 33 35 35 34
12 12 12 13 13 12 12 12 11 10 10 8 8 7 7 7 7 7 6 6 6 6 6 6 6 6 6 6 6 6 5 5 5 5 5 5 5 5 5 5 5 5 5 5 4 4 4 4 4 4 4 4 4 4 4 4 4 4 4 4 4 4 4 4 4 4 4 4 5 5 5 5 5 5 5 5 6 6 6 6 6 7 7 8 10 14 17 19 22 23 26 30 31 35 35 35
11 11 12 12 12 12 11 11 10 10 9 9 8 7 7 7 7 7 6 6 6 6 6 6 6 6 6 6 6 6 6 5 5 5 5 5 5 5 5 5 5 5 5 5 4 4 4 4 4 4 4 4 4 4 4 4 4 4 4 4 4 4 4 4 4 4 4 4 5 5 5 5 5 5 5 5 6 6 6 6 6 7 7 8 10 13 17 20 24 28 30 32 34 32 35 35
10 11 11 11 11 11 10 10 9 9 8 8 8 7 7 7 7 7 7 6 6 6 6 6 6 6 6 6 6 6 6 6 5 5 5 5 5 5 5 5 5 5 5 5 5 4 4 4 4 4 4 4 4 4 4 4 4 4 4 4 4 4 4 4 4 4 4 4 5 5 5 5 5 5 5 5 6 6 6 6 7 7 8 9 11 14 17 20 24 27 31 33 35 34 34 35
9 10 10 10 10 9 9 9 9 9 8 8 8 7 7 7 7 7 7 7 7 6 6 6 6 6 6 6 6 6 6 6 5 5 5 5 5 5 5 5 5 5 5 5 5 4 4 4 4 4 4 4 4 4 4 4 4 4 4 4 4 4 4 4 4 4 4 4 5 5 5 5 5 5 5 5 6 6 6 6 7 7 8 9 11 14 18 22 23 26 29 31 33 35 35 33
9 9 9 9 9 9 9 8 8 8 8 8 7 7 7 7 7 7 7 7 7 7 6 6 6 6 6 6 6 6 6 6 6 5 5 5 5 5 5 5 5 5 5 5 5 5 4 4 4 4 4 4 4 4 4 4 4 4 4 4 4 4 4 4 4 4 4 4 5 5 5 5 5 5 5 6 6 6 6 7 7 8 8 10 11 13 16 20 24 27 30 32 33 35 34 35
8 8 8 8 8 8 8 8 8 8 8 7 7 7 7 7 7 9 7 7 7 7 7 6 6 6 6 6 6 6 6 6 6 6 5 5 5 5 5 5 5 5 5 5 5 5 4 4 4 4 4 4 4 4 4 4 4 4 4 4 4 4 4 4 4 4 4 4 5 5 5 5 5 5 5 7 6 6 6 7 8 8 10 10 12 14 18 22 25 28 30 34 35 34 34 35
8 8 8 8 8 8 8 8 8 8 7 7 7 7 7 7 7 11 9 7 7 7 7 6 6 6 6 6 6 6 6 6 6 6 5 5 5 5 5 5 5 5 5 5 5 5 4 4 4 4 4 4 4 4 4 5 6 5 5 4 4 4 4 4 4 4 4 4 5 5 5 5 5 5 5 8 7 6 6 7 7 8 9 11 13 14 18 22 24 27 29 32 34 35 36 32
8 8 8 8 8 8 8 8 8 7 7 7 7 7 7 7 7 9 9 7 7 7 7 7 6 6 6 6 6 6 6 6 6 6 6 5 5 5 5 5 5 5 5 5 5 5 5 4 4 4 4 4 4 4 4 5 7 7 5 4 4 4 4 4 4 4 4 4 5 5 5 5 5 5 6 6 9 6 7 7 8 8 13 14 13 18 18 21 23 26 27 30 32 34 35 34
