bio_13_recortado.asc
ncols        993
nrows        435
xllcorner    -105.258332676891
yllcorner    17.591666858876
cellsize     0.008333333771
NODATA_value -9999
[rows 273 to 311 of 435, columns 801 to 889 of 993]
239 222 203 198 196 191 186 183 180 178 176 175 175 171 171 170 170 -9999 -9999 -9999 167 167 166 166 165 165 164 163 163 168 183 181 175 170 169 169 170 179 173 177 163 162 161 160 160 159 158 159 156 156 162 161 159 164 158 163 166 164 160 156 156 155 155 155 157 157 161 161 164 166 164 164 164 168 167 163 162 161 161 160 160 159 157 155 154 153 152 150 150
236 226 202 192 188 190 184 182 180 177 175 174 174 172 172 171 -9999 -9999 -9999 -9999 -9999 -9999 -9999 167 166 165 165 164 163 166 181 175 177 170 183 188 187 177 168 165 164 163 162 169 160 159 158 159 156 155 163 157 157 159 155 161 161 168 164 158 159 157 154 154 157 163 163 164 166 172 173 174 166 166 168 165 161 160 159 159 159 157 154 154 152 151 150 149 148
225 212 197 192 186 182 182 179 177 177 175 174 173 173 173 -9999 -9999 -9999 -9999 -9999 -9999 -9999 -9999 168 167 167 166 165 164 164 173 172 172 175 188 183 171 172 168 169 165 177 182 185 174 179 158 157 157 156 155 161 161 153 152 156 159 158 156 152 158 158 151 153 155 158 156 158 160 163 170 173 167 168 168 167 161 159 158 157 156 154 152 152 151 149 148 147 146
215 210 197 191 185 182 180 179 178 177 176 175 174 174 -9999 -9999 -9999 -9999 -9999 -9999 -9999 -9999 -9999 -9999 168 167 166 165 165 186 188 177 186 189 181 173 173 174 170 180 168 175 172 170 162 166 158 158 157 155 154 154 156 153 153 152 152 152 151 152 152 152 154 156 160 159 161 161 165 163 169 165 162 164 163 164 163 161 160 156 154 153 151 150 149 148 146 145 145
203 203 201 192 185 182 180 179 178 177 177 176 175 -9999 -9999 -9999 -9999 -9999 -9999 -9999 -9999 -9999 -9999 -9999 169 168 167 166 174 207 189 189 187 169 172 185 179 176 175 179 169 167 165 168 163 160 160 158 156 155 155 154 159 163 159 152 162 157 161 149 150 149 152 154 155 159 159 162 166 166 157 161 163 164 160 158 158 160 162 159 154 151 149 149 147 146 145 144 143
197 192 194 194 186 183 181 181 180 179 178 177 177 -9999 -9999 -9999 -9999 -9999 -9999 -9999 -9999 -9999 -9999 -9999 170 169 168 166 169 183 168 167 166 167 180 195 185 177 184 178 173 168 165 165 162 160 159 158 157 156 158 159 167 174 161 169 164 173 169 154 149 151 153 158 159 164 161 160 161 157 161 157 161 162 159 155 153 156 160 160 155 150 148 146 145 144 144 143 142
194 190 189 187 185 184 182 182 181 180 179 178 -9999 -9999 -9999 -9999 -9999 -9999 -9999 -9999 -9999 -9999 -9999 -9999 -9999 170 169 167 166 166 165 164 166 179 196 198 188 188 189 187 182 170 167 176 174 162 159 163 158 159 158 157 158 159 163 169 168 168 157 157 152 147 150 156 164 164 159 159 161 158 154 159 160 158 155 153 150 152 155 159 157 148 146 146 145 143 142 142 141
200 194 190 188 186 185 184 183 182 182 181 -9999 -9999 -9999 -9999 -9999 -9999 -9999 -9999 -9999 -9999 -9999 -9999 -9999 -9999 170 169 168 167 166 165 165 166 174 194 202 193 192 194 204 181 187 188 172 180 163 165 166 169 174 167 153 154 164 176 171 172 168 164 158 154 149 150 161 160 157 154 152 155 153 154 155 156 158 154 150 151 150 151 151 151 146 144 144 144 143 142 141 140
200 196 190 189 188 187 186 185 184 183 -9999 -9999 -9999 -9999 -9999 -9999 -9999 -9999 -9999 -9999 -9999 -9999 -9999 -9999 -9999 170 169 168 167 167 166 165 166 170 190 194 198 204 205 193 183 187 201 198 177 174 174 157 175 166 162 153 162 167 163 164 169 177 174 159 152 150 149 153 156 160 157 151 150 153 151 154 152 150 151 150 147 148 147 146 145 144 143 142 142 143 141 140 139
197 194 192 189 191 190 188 187 185 185 -9999 -9999 -9999 -9999 -9999 -9999 -9999 -9999 -9999 -9999 -9999 -9999 -9999 -9999 -9999 -9999 170 169 168 167 167 166 165 169 181 195 189 183 189 198 185 174 183 191 187 168 172 156 157 157 154 153 155 154 155 158 167 166 163 159 153 154 149 147 150 153 151 150 148 147 152 151 150 148 148 147 146 148 148 144 143 143 142 141 141 140 139 139 138
198 195 193 190 193 191 190 188 187 -9999 -9999 -9999 -9999 -9999 -9999 -9999 -9999 -9999 -9999 -9999 -9999 -9999 -9999 -9999 -9999 -9999 202 170 169 168 167 166 167 168 183 193 185 174 170 182 166 168 172 162 175 160 159 156 156 154 155 153 152 152 153 159 168 162 160 162 156 152 150 148 147 147 146 147 149 147 151 150 148 146 144 146 144 143 145 144 143 141 141 140 141 140 139 138 137
198 196 195 195 -9999 -9999 -9999 -9999 -9999 -9999 -9999 -9999 -9999 -9999 -9999 -9999 -9999 -9999 -9999 -9999 -9999 -9999 -9999 -9999 -9999 -9999 190 171 169 169 168 167 167 167 175 183 186 183 172 175 171 162 160 160 161 157 156 156 156 154 154 153 153 157 153 167 179 170 160 157 153 150 150 149 147 147 146 147 148 146 147 147 148 147 143 144 144 141 143 142 142 141 140 139 139 138 138 137 136
203 199 -9999 -9999 -9999 -9999 -9999 -9999 -9999 -9999 -9999 -9999 -9999 -9999 -9999 -9999 -9999 -9999 -9999 -9999 -9999 -9999 -9999 -9999 -9999 -9999 171 170 170 169 168 169 175 169 171 170 169 166 171 164 177 189 170 164 159 159 159 158 155 155 158 154 153 164 160 158 159 173 159 158 155 151 150 149 149 147 146 145 147 145 144 146 145 145 142 141 143 143 141 141 141 140 139 139 138 138 140 138 137
202 201 -9999 -9999 -9999 -9999 -9999 -9999 -9999 -9999 -9999 -9999 -9999 -9999 -9999 -9999 -9999 -9999 -9999 -9999 -9999 -9999 -9999 -9999 -9999 -9999 -9999 171 170 169 169 170 168 168 171 168 167 165 165 163 165 174 183 166 161 164 161 161 157 157 160 154 154 152 154 152 155 172 166 156 156 152 149 148 148 147 148 145 144 144 143 142 141 140 141 140 140 142 141 141 140 139 138 138 137 137 140 141 138
201 198 -9999 -9999 -9999 -9999 -9999 -9999 -9999 -9999 -9999 -9999 -9999 -9999 -9999 -9999 -9999 -9999 -9999 -9999 -9999 -9999 -9999 -9999 -9999 -9999 -9999 171 171 170 169 168 168 167 167 167 166 166 167 164 168 165 174 168 165 166 157 158 156 156 155 155 153 153 152 152 153 156 162 169 180 152 151 150 150 149 149 148 146 146 146 145 144 142 140 139 139 140 137 140 139 139 137 137 136 136 136 135 135
-9999 -9999 -9999 -9999 -9999 -9999 -9999 -9999 -9999 -9999 -9999 -9999 -9999 -9999 -9999 -9999 -9999 -9999 -9999 -9999 -9999 -9999 -9999 -9999 -9999 -9999 -9999 -9999 172 171 170 169 168 168 169 167 166 166 166 165 166 169 172 168 166 172 159 158 159 158 158 163 156 154 152 152 152 155 161 170 171 174 177 154 155 152 150 150 149 148 147 146 144 144 143 140 138 138 137 138 139 138 137 136 136 135 135 134 134
-9999 -9999 -9999 -9999 -9999 -9999 -9999 -9999 -9999 -9999 -9999 -9999 -9999 -9999 -9999 -9999 -9999 -9999 -9999 -9999 -9999 -9999 -9999 -9999 -9999 -9999 -9999 -9999 172 171 170 169 169 168 171 166 166 168 166 164 166 168 163 163 160 159 160 160 160 160 162 157 156 155 153 152 151 153 159 159 166 167 174 183 178 167 162 155 154 150 149 147 146 145 144 142 141 139 137 137 138 137 136 136 137 137 135 135 134
-9999 -9999 -9999 -9999 -9999 -9999 -9999 -9999 -9999 -9999 -9999 -9999 -9999 -9999 -9999 -9999 -9999 -9999 -9999 -9999 -9999 -9999 -9999 -9999 -9999 -9999 -9999 -9999 -9999 172 171 170 169 168 168 167 167 166 165 167 169 163 162 162 162 162 162 163 165 165 163 158 155 154 153 153 153 151 150 150 152 160 166 167 188 189 182 165 166 154 152 151 149 148 145 144 142 141 139 138 137 136 136 136 136 136 137 136 136
-9999 -9999 -9999 -9999 -9999 -9999 -9999 -9999 -9999 -9999 -9999 -9999 -9999 -9999 -9999 -9999 -9999 -9999 -9999 -9999 -9999 -9999 -9999 -9999 -9999 -9999 -9999 -9999 -9999 -9999 171 171 171 169 170 183 173 167 169 165 165 164 165 165 164 164 164 166 167 160 159 156 155 155 155 155 154 152 152 150 150 150 151 163 180 180 183 187 188 172 161 154 152 151 147 145 143 139 138 137 137 136 136 136 139 140 140 141 137
-9999 -9999 -9999 -9999 -9999 -9999 -9999 -9999 -9999 -9999 -9999 -9999 -9999 -9999 -9999 -9999 -9999 -9999 -9999 -9999 -9999 -9999 -9999 -9999 -9999 -9999 -9999 -9999 -9999 -9999 173 171 171 172 174 180 171 167 166 168 166 167 170 168 167 166 166 166 165 165 161 159 157 157 157 157 155 155 153 152 150 149 148 150 159 155 161 173 180 183 180 170 166 161 152 147 147 144 139 136 136 135 135 135 136 137 139 143 142
-9999 -9999 -9999 -9999 -9999 -9999 -9999 -9999 -9999 -9999 -9999 -9999 -9999 -9999 -9999 -9999 -9999 -9999 -9999 -9999 -9999 -9999 -9999 -9999 -9999 -9999 -9999 -9999 -9999 -9999 -9999 172 172 175 173 169 171 171 170 171 172 170 171 172 171 168 168 166 173 167 164 160 157 156 155 154 158 157 155 154 153 151 150 148 148 146 145 151 149 161 160 175 181 169 161 152 146 143 139 136 136 136 135 135 135 136 136 138 137
-9999 -9999 -9999 -9999 -9999 -9999 -9999 -9999 -9999 -9999 -9999 -9999 -9999 -9999 -9999 -9999 -9999 -9999 -9999 -9999 -9999 -9999 -9999 -9999 -9999 -9999 -9999 -9999 -9999 -9999 -9999 -9999 -9999 172 171 172 173 173 172 173 173 174 172 175 171 170 169 169 174 173 165 161 157 155 156 156 156 157 157 155 154 153 152 150 149 147 145 145 144 143 148 168 162 181 179 157 148 142 139 137 135 135 135 134 134 133 133 135 135
-9999 -9999 -9999 -9999 -9999 -9999 -9999 -9999 -9999 -9999 -9999 -9999 -9999 -9999 -9999 -9999 -9999 -9999 -9999 -9999 -9999 -9999 -9999 -9999 -9999 -9999 -9999 -9999 -9999 -9999 -9999 -9999 -9999 -9999 174 174 176 176 173 174 175 175 172 175 176 174 174 170 176 178 170 169 168 160 165 162 161 158 157 156 157 155 153 152 151 148 147 146 144 143 142 143 154 162 164 155 145 144 138 136 135 138 136 137 133 133 133 133 133
-9999 -9999 -9999 -9999 -9999 -9999 -9999 -9999 -9999 -9999 -9999 -9999 -9999 -9999 -9999 -9999 -9999 -9999 -9999 -9999 -9999 -9999 -9999 -9999 -9999 -9999 -9999 -9999 -9999 -9999 -9999 -9999 -9999 -9999 -9999 -9999 -9999 -9999 -9999 -9999 -9999 -9999 175 178 181 176 174 177 178 179 177 176 174 172 173 169 171 166 158 156 159 157 155 153 152 150 148 147 145 144 142 142 141 146 150 153 142 139 137 136 136 135 135 134 134 132 132 132 132
-9999 -9999 -9999 -9999 -9999 -9999 -9999 -9999 -9999 -9999 -9999 -9999 -9999 -9999 -9999 -9999 -9999 -9999 -9999 -9999 -9999 -9999 -9999 -9999 -9999 -9999 -9999 -9999 -9999 -9999 -9999 -9999 -9999 -9999 -9999 -9999 -9999 -9999 -9999 -9999 -9999 -9999 -9999 179 180 182 180 179 179 179 178 177 176 174 174 173 172 168 168 165 159 155 153 152 150 149 148 147 146 144 143 142 141 142 143 142 139 138 136 136 136 135 134 134 133 132 132 131 131
-9999 -9999 -9999 -9999 -9999 -9999 -9999 -9999 -9999 -9999 -9999 -9999 -9999 -9999 -9999 -9999 -9999 -9999 -9999 -9999 -9999 -9999 -9999 -9999 -9999 -9999 -9999 -9999 -9999 -9999 -9999 -9999 -9999 -9999 -9999 -9999 -9999 -9999 -9999 -9999 -9999 -9999 -9999 176 178 179 182 181 180 180 179 178 177 176 175 174 170 170 166 159 157 155 153 152 150 149 148 147 146 145 143 142 144 142 139 139 138 137 136 136 136 135 134 134 133 132 135 131 131
-9999 -9999 -9999 -9999 -9999 -9999 -9999 -9999 -9999 -9999 -9999 -9999 -9999 -9999 -9999 -9999 -9999 -9999 -9999 -9999 -9999 -9999 -9999 -9999 -9999 -9999 -9999 -9999 -9999 -9999 -9999 -9999 -9999 -9999 -9999 -9999 -9999 -9999 -9999 -9999 -9999 -9999 -9999 -9999 176 179 181 181 180 180 179 178 177 176 175 174 173 172 160 159 157 155 154 152 151 150 149 147 146 145 144 142 143 143 139 139 138 137 137 136 135 135 134 133 133 132 132 131 131
-9999 -9999 -9999 -9999 -9999 -9999 -9999 -9999 -9999 -9999 -9999 -9999 -9999 -9999 -9999 -9999 -9999 -9999 -9999 -9999 -9999 -9999 -9999 -9999 -9999 -9999 -9999 -9999 -9999 -9999 -9999 -9999 -9999 -9999 -9999 -9999 -9999 -9999 -9999 -9999 -9999 -9999 -9999 -9999 175 180 181 181 181 180 179 179 178 177 175 174 173 169 165 160 158 155 154 153 152 150 149 148 146 145 144 143 141 144 139 139 139 137 136 136 136 135 134 133 133 132 131 131 131
-9999 -9999 -9999 -9999 -9999 -9999 -9999 -9999 -9999 -9999 -9999 -9999 -9999 -9999 -9999 -9999 -9999 -9999 -9999 -9999 -9999 -9999 -9999 -9999 -9999 -9999 -9999 -9999 -9999 -9999 -9999 -9999 -9999 -9999 -9999 -9999 -9999 -9999 -9999 -9999 -9999 -9999 -9999 -9999 -9999 180 182 181 181 180 179 178 177 177 175 174 172 163 161 160 158 156 155 153 152 151 150 148 147 146 144 143 142 140 139 142 142 139 137 136 135 135 134 133 133 132 131 131 130
-9999 -9999 -9999 -9999 -9999 -9999 -9999 -9999 -9999 -9999 -9999 -9999 -9999 -9999 -9999 -9999 -9999 -9999 -9999 -9999 -9999 -9999 -9999 -9999 -9999 -9999 -9999 -9999 -9999 -9999 -9999 -9999 -9999 -9999 -9999 -9999 -9999 -9999 -9999 -9999 -9999 -9999 -9999 -9999 -9999 -9999 182 181 181 179 178 178 177 176 175 173 170 163 162 160 158 157 155 154 153 152 150 149 148 146 145 145 142 141 139 143 144 145 138 136 136 135 134 133 133 132 132 131 130
-9999 -9999 -9999 -9999 -9999 -9999 -9999 -9999 -9999 -9999 -9999 -9999 -9999 -9999 -9999 -9999 -9999 -9999 -9999 -9999 -9999 -9999 -9999 -9999 -9999 -9999 -9999 -9999 -9999 -9999 -9999 -9999 -9999 -9999 -9999 -9999 -9999 -9999 -9999 -9999 -9999 -9999 -9999 -9999 -9999 -9999 182 181 180 179 178 177 177 176 175 168 166 165 163 161 160 157 156 155 154 152 151 150 149 147 145 151 143 141 139 139 142 148 143 138 136 135 134 134 133 133 132 131 132
-9999 -9999 -9999 -9999 -9999 -9999 -9999 -9999 -9999 -9999 -9999 -9999 -9999 -9999 -9999 -9999 -9999 -9999 -9999 -9999 -9999 -9999 -9999 -9999 -9999 -9999 -9999 -9999 -9999 -9999 -9999 -9999 -9999 -9999 -9999 -9999 -9999 -9999 -9999 -9999 -9999 -9999 -9999 -9999 -9999 -9999 -9999 181 180 178 178 178 177 176 173 168 167 166 164 162 161 158 157 156 154 153 152 153 149 147 146 148 144 -9999 141 139 138 139 142 138 137 136 134 134 134 133 133 132 132
-9999 -9999 -9999 -9999 -9999 -9999 -9999 -9999 -9999 -9999 -9999 -9999 -9999 -9999 -9999 -9999 -9999 -9999 -9999 -9999 -9999 -9999 -9999 -9999 -9999 -9999 -9999 -9999 -9999 -9999 -9999 -9999 -9999 -9999 -9999 -9999 -9999 -9999 -9999 -9999 -9999 -9999 -9999 -9999 -9999 -9999 -9999 -9999 -9999 177 178 178 174 173 170 169 167 166 164 163 161 160 161 163 155 154 157 158 155 -9999 -9999 -9999 -9999 -9999 -9999 139 138 137 142 142 137 136 136 135 134 134 133 133 132
-9999 -9999 -9999 -9999 -9999 -9999 -9999 -9999 -9999 -9999 -9999 -9999 -9999 -9999 -9999 -9999 -9999 -9999 -9999 -9999 -9999 -9999 -9999 -9999 -9999 -9999 -9999 -9999 -9999 -9999 -9999 -9999 -9999 -9999 -9999 -9999 -9999 -9999 -9999 -9999 -9999 -9999 -9999 -9999 -9999 -9999 -9999 -9999 -9999 -9999 177 176 174 173 171 169 168 166 165 163 165 167 166 165 163 160 153 -9999 -9999 -9999 -9999 -9999 -9999 -9999 -9999 -9999 138 137 136 139 136 137 138 139 136 135 134 133 133
-9999 -9999 -9999 -9999 -9999 -9999 -9999 -9999 -9999 -9999 -9999 -9999 -9999 -9999 -9999 -9999 -9999 -9999 -9999 -9999 -9999 -9999 -9999 -9999 -9999 -9999 -9999 -9999 -9999 -9999 -9999 -9999 -9999 -9999 -9999 -9999 -9999 -9999 -9999 -9999 -9999 -9999 -9999 -9999 -9999 -9999 -9999 -9999 -9999 -9999 -9999 176 175 173 172 173 168 169 168 169 168 161 160 158 156 -9999 -9999 -9999 -9999 -9999 -9999 -9999 -9999 -9999 -9999 -9999 -9999 138 137 136 135 136 138 137 144 137 135 134 134
-9999 -9999 -9999 -9999 -9999 -9999 -9999 -9999 -9999 -9999 -9999 -9999 -9999 -9999 -9999 -9999 -9999 -9999 -9999 -9999 -9999 -9999 -9999 -9999 -9999 -9999 -9999 -9999 -9999 -9999 -9999 -9999 -9999 -9999 -9999 -9999 -9999 -9999 -9999 -9999 -9999 -9999 -9999 -9999 -9999 -9999 -9999 -9999 -9999 -9999 -9999 -9999 176 174 174 173 171 170 169 169 162 161 -9999 -9999 -9999 -9999 -9999 -9999 -9999 -9999 -9999 -9999 -9999 -9999 -9999 -9999 -9999 138 137 136 135 135 136 137 139 142 138 135 134
-9999 -9999 -9999 -9999 -9999 -9999 -9999 -9999 -9999 -9999 -9999 -9999 -9999 -9999 -9999 -9999 -9999 -9999 -9999 -9999 -9999 -9999 -9999 -9999 -9999 -9999 -9999 -9999 -9999 -9999 -9999 -9999 -9999 -9999 -9999 -9999 -9999 -9999 -9999 -9999 -9999 -9999 -9999 -9999 -9999 -9999 -9999 -9999 -9999 -9999 -9999 -9999 -9999 -9999 -9999 -9999 -9999 -9999 -9999 -9999 -9999 -9999 -9999 -9999 -9999 -9999 -9999 -9999 -9999 -9999 -9999 -9999 -9999 -9999 -9999 -9999 -9999 -9999 137 135 137 136 134 134 137 141 140 137 135
-9999 -9999 -9999 -9999 -9999 -9999 -9999 -9999 -9999 -9999 -9999 -9999 -9999 -9999 -9999 -9999 -9999 -9999 -9999 -9999 -9999 -9999 -9999 -9999 -9999 -9999 -9999 -9999 -9999 -9999 -9999 -9999 -9999 -9999 -9999 -9999 -9999 -9999 -9999 -9999 -9999 -9999 -9999 -9999 -9999 -9999 -9999 -9999 -9999 -9999 -9999 -9999 -9999 -9999 -9999 -9999 -9999 -9999 -9999 -9999 -9999 -9999 -9999 -9999 -9999 -9999 -9999 -9999 -9999 -9999 -9999 -9999 -9999 -9999 -9999 -9999 -9999 -9999 138 135 135 134 134 133 136 138 141 139 136
-9999 -9999 -9999 -9999 -9999 -9999 -9999 -9999 -9999 -9999 -9999 -9999 -9999 -9999 -9999 -9999 -9999 -9999 -9999 -9999 -9999 -9999 -9999 -9999 -9999 -9999 -9999 -9999 -9999 -9999 -9999 -9999 -9999 -9999 -9999 -9999 -9999 -9999 -9999 -9999 -9999 -9999 -9999 -9999 -9999 -9999 -9999 -9999 -9999 -9999 -9999 -9999 -9999 -9999 -9999 -9999 -9999 -9999 -9999 -9999 -9999 -9999 -9999 -9999 -9999 -9999 -9999 -9999 -9999 -9999 -9999 -9999 -9999 -9999 -9999 -9999 -9999 -9999 138 137 137 136 134 135 135 139 139 138 138
