bio_6_recortado.asc
ncols        993
nrows        435
xllcorner    -105.258332676891
yllcorner    17.591666858876
cellsize     0.008333333771
NODATA_value -9999
[rows 210 to 251 of 435, columns 672 to 767 of 993]
21 21 21 20 21 20 20 19 19 19 18 18 17 18 18 16 15 14 12 13 10 13 10 6 6 4 1 1 -2 -3 1 1 1 6 2 3 6 10 10 14 17 18 18 19 19 20 23 29 26 29 30 30 30 30 30 30 30 29 29 29 29 28 27 27 27 26 26 26 25 25 23 -9999 -9999 -9999 -9999 -9999 -9999 -9999 -9999 -9999 18 18 17 16 16 16 16 15 15 14 14 12 13 12 11 10
20 20 20 20 20 20 20 20 19 19 18 19 19 19 18 19 17 17 16 15 14 12 13 10 9 9 8 6 1 -1 0 -3 2 5 0 0 6 7 10 16 17 18 19 21 24 22 25 26 29 30 29 28 30 30 30 30 30 29 29 29 29 28 28 27 27 26 26 25 25 25 24 24 24 22 -9999 -9999 -9999 -9999 -9999 19 19 18 18 17 16 16 16 16 15 14 14 14 13 12 10 11
21 21 21 20 21 21 20 20 20 20 20 20 19 19 19 19 19 18 17 16 15 15 12 12 12 11 8 7 4 0 -2 -3 0 3 0 0 5 9 11 13 15 16 18 20 23 26 26 24 26 28 27 29 30 31 30 30 31 30 30 29 29 28 28 28 28 27 27 26 26 26 24 24 24 23 23 21 21 21 19 19 19 18 18 18 17 17 16 15 16 14 14 14 13 12 11 11
21 21 21 21 21 20 20 20 20 20 19 19 20 20 20 20 18 18 17 18 17 16 16 15 11 10 8 5 5 3 0 -1 1 0 -1 3 5 12 12 15 13 16 18 21 23 21 22 25 26 26 26 28 30 29 30 31 31 30 30 30 30 29 28 28 27 27 27 26 26 26 25 25 24 23 23 22 21 21 21 19 19 19 18 18 17 17 17 15 16 15 14 14 13 13 12 11
20 21 21 21 21 21 20 20 20 20 20 20 20 20 20 20 19 19 19 17 17 17 16 13 13 9 7 4 5 4 3 5 3 -2 2 4 8 10 11 14 16 17 19 19 17 20 22 25 21 22 26 28 29 31 30 31 31 30 30 30 30 29 29 29 28 28 28 27 27 27 26 25 24 23 23 22 21 21 21 20 19 19 19 17 17 17 17 17 17 16 15 15 14 13 13 10
21 21 21 21 21 20 21 20 20 20 20 20 20 20 20 20 19 19 19 17 17 16 16 15 12 11 9 5 5 7 6 6 4 3 3 2 6 13 14 15 15 17 17 20 21 22 22 19 22 24 24 24 27 29 31 31 30 30 30 30 30 29 29 28 28 28 28 27 27 27 25 25 24 24 23 23 22 21 21 21 20 19 19 18 17 17 17 17 17 16 16 16 15 14 12 11
21 21 21 21 21 21 21 21 20 20 20 20 20 20 20 20 19 20 20 20 19 18 17 16 12 10 7 3 3 3 4 4 4 4 5 6 8 10 12 15 16 17 17 18 19 19 18 18 20 19 21 22 25 29 29 31 30 31 31 31 31 30 30 28 28 28 28 27 27 26 26 25 24 24 23 23 22 21 21 20 20 19 18 11 13 16 17 17 17 17 16 16 16 15 11 10
21 21 20 21 21 21 21 21 21 20 20 20 20 20 20 20 19 20 20 20 18 19 18 14 12 9 6 3 0 -1 3 1 3 4 4 4 5 4 14 16 16 17 17 18 18 18 18 18 19 19 20 21 23 25 28 30 30 31 31 31 30 30 30 29 29 28 27 27 27 26 26 25 24 24 24 23 22 22 21 21 20 19 14 12 13 17 17 17 17 17 16 16 15 15 13 13
21 21 21 20 21 21 21 21 21 21 20 20 20 20 20 20 20 20 20 20 20 18 18 16 15 12 9 5 1 5 4 1 6 4 3 5 7 9 15 17 16 18 16 17 16 17 18 16 17 19 18 19 21 26 30 30 30 31 31 30 30 30 30 29 29 28 28 27 26 26 26 26 24 24 24 23 22 22 22 21 21 20 18 13 10 15 17 17 17 17 16 16 15 15 14 13
21 21 21 20 21 21 21 21 21 21 20 20 20 20 20 20 20 20 20 20 19 18 15 14 15 14 10 6 5 7 6 4 7 9 9 7 9 10 12 16 15 15 15 15 16 15 16 16 17 17 18 21 23 23 26 29 30 30 30 30 30 29 29 29 28 28 28 27 26 26 26 26 24 24 24 23 22 22 22 21 21 20 20 20 18 17 18 15 14 11 12 14 15 15 14 13
21 20 21 21 20 21 21 21 21 21 21 20 20 20 19 20 20 20 20 19 19 16 11 9 12 14 12 9 11 9 8 7 5 8 11 13 13 15 15 15 15 15 15 15 14 15 15 15 17 17 19 20 24 22 28 30 30 30 30 30 30 29 29 29 28 28 27 28 26 26 26 25 24 24 24 23 22 22 22 21 21 20 20 20 19 18 18 14 12 11 10 13 14 16 14 13
20 21 21 21 21 20 20 21 21 21 21 20 20 20 19 20 20 20 20 19 18 16 12 11 13 14 11 10 11 8 6 5 5 6 9 11 12 16 15 15 15 14 15 14 14 14 14 15 16 17 16 17 19 22 25 28 29 29 30 30 29 29 29 28 28 28 27 27 26 26 26 25 24 24 23 23 22 22 22 21 21 21 20 20 20 19 16 12 11 11 11 12 9 10 11 14
21 21 21 21 21 21 20 20 20 21 21 20 20 20 20 20 20 20 20 20 19 17 16 17 15 12 8 7 6 5 6 5 7 11 12 14 15 15 15 16 13 15 13 13 13 14 15 14 16 16 16 17 18 22 24 28 29 29 28 29 29 29 29 28 28 27 27 26 26 25 25 25 24 24 23 23 22 22 21 21 21 21 20 20 19 16 11 9 9 9 9 9 10 14 15 15
21 21 21 22 21 21 20 20 20 21 21 20 20 20 20 20 20 20 20 20 19 19 18 17 15 11 6 1 4 5 4 1 8 9 13 12 15 15 13 12 14 13 11 12 13 13 14 13 15 15 14 18 18 20 27 28 28 29 28 29 29 29 28 28 28 27 26 25 25 26 24 24 24 23 23 23 22 21 21 20 21 20 20 20 20 14 12 7 7 9 6 8 13 15 16 16
22 21 21 21 22 21 21 20 20 20 21 20 20 20 20 20 20 20 20 20 19 19 19 18 14 11 8 8 3 4 3 6 5 8 8 10 14 11 13 11 11 11 12 12 13 14 14 14 15 15 15 16 18 21 24 26 28 28 28 28 28 28 28 28 27 27 26 21 21 25 24 24 24 23 23 22 22 20 19 18 18 17 16 20 19 17 10 7 6 7 8 10 13 15 17 17
21 21 21 21 21 20 21 20 20 20 20 20 20 20 20 20 20 20 20 19 19 19 18 17 14 12 13 12 5 2 3 4 3 5 5 10 6 8 9 10 10 10 10 13 12 13 13 14 15 15 15 15 18 19 24 25 27 27 28 27 28 28 28 27 26 26 26 21 21 24 24 24 23 23 22 22 20 16 14 14 13 16 17 19 20 19 12 10 8 10 10 10 15 16 18 18
22 21 21 21 21 21 20 21 21 20 20 20 20 20 20 20 19 20 19 19 19 19 18 17 17 15 13 8 8 8 6 5 3 1 5 8 6 7 7 9 9 9 10 10 11 11 13 13 14 15 17 17 18 21 22 24 26 27 26 27 27 27 27 27 26 26 26 25 23 24 24 24 24 23 22 19 17 16 10 9 11 16 17 20 20 20 17 15 12 12 14 12 19 19 19 19
21 21 21 21 21 21 20 21 21 20 20 19 20 20 20 19 19 20 19 19 19 19 19 17 16 14 12 10 9 10 7 8 6 3 7 4 3 6 6 7 7 8 9 9 10 9 11 13 12 14 16 17 18 18 20 24 24 26 27 26 26 27 26 26 26 26 26 26 25 24 24 23 22 22 21 16 16 9 8 10 12 16 19 21 21 21 20 20 16 16 16 20 20 20 20 20
21 21 21 21 20 21 20 20 21 21 20 19 20 20 20 19 19 20 19 19 19 19 19 19 15 9 9 9 7 4 5 6 6 6 6 0 1 4 7 6 5 7 6 4 7 8 13 12 13 15 15 16 17 17 20 22 23 24 25 26 26 27 26 26 26 26 26 26 25 25 24 23 22 22 21 20 18 16 15 14 15 21 20 21 22 22 22 22 21 21 21 21 21 21 21 20
21 21 21 21 20 21 20 20 21 20 20 19 19 20 20 19 19 19 20 19 19 19 17 19 16 14 12 8 8 5 9 8 8 8 7 2 0 5 4 4 5 5 3 0 5 5 10 12 14 15 16 16 17 18 18 23 23 24 26 26 27 26 26 26 26 26 25 25 25 24 24 23 22 22 21 22 21 19 19 18 19 22 22 22 22 22 22 22 22 22 22 22 22 21 21 20
21 21 20 21 20 21 21 20 20 20 20 20 19 20 20 19 19 19 20 19 19 17 16 17 16 15 13 12 11 10 9 8 7 6 7 5 4 2 0 1 2 2 -2 -2 0 5 8 11 12 14 15 14 16 16 17 22 23 25 26 27 27 26 26 26 26 25 25 25 25 24 23 24 23 23 23 23 22 22 22 22 22 22 22 22 22 22 22 22 22 16 22 22 22 22 22 20
21 21 21 20 20 20 21 20 20 20 20 20 20 20 20 19 19 19 19 18 17 18 16 15 15 14 14 13 11 7 6 5 7 5 7 4 2 0 -2 -1 0 2 -4 -1 2 4 8 12 12 14 14 14 15 15 16 17 22 24 25 25 27 26 26 26 26 26 25 25 25 25 23 23 23 23 23 23 23 22 22 22 22 23 23 23 23 23 23 22 23 23 23 22 23 23 22 22
21 20 21 20 21 20 20 20 20 19 20 20 20 19 19 19 19 19 19 19 18 17 17 15 15 14 14 13 12 13 9 0 4 6 6 2 0 -3 -3 -3 -4 -1 -4 -3 6 9 7 7 10 13 13 13 14 14 15 17 19 22 23 25 23 25 26 26 26 25 25 25 25 25 25 23 23 23 23 23 23 23 23 23 23 23 23 23 23 23 23 23 23 23 23 23 23 23 23 23
21 21 20 20 20 20 20 20 20 20 20 20 19 19 20 19 19 19 19 18 18 18 18 18 17 17 16 15 13 13 11 9 4 5 4 2 -1 -4 -8 -5 -8 -3 -4 1 6 4 4 8 11 13 11 12 11 11 12 14 16 20 20 22 23 23 23 26 26 25 25 25 25 25 24 23 23 23 23 23 23 23 23 23 23 23 23 23 23 23 23 23 24 24 24 24 24 24 23 23
20 21 20 21 20 20 20 20 20 19 20 20 19 19 20 19 19 19 18 18 18 19 19 18 17 16 15 14 13 12 12 10 6 6 4 0 -8 -9 -11 -9 -9 -7 -1 2 2 2 4 7 7 9 7 9 10 10 12 13 14 17 18 19 21 23 24 25 26 25 25 25 25 24 23 23 23 23 23 23 23 23 23 23 23 23 24 23 23 23 18 24 24 24 24 24 24 24 24 24
21 20 20 20 20 19 20 19 20 20 19 20 19 19 20 20 19 19 18 18 18 19 18 17 17 16 15 14 13 12 11 9 8 6 3 0 -7 -10 -9 -12 -6 -3 -1 -2 -3 -1 2 6 7 7 7 7 8 9 9 12 13 15 16 16 17 20 25 25 25 24 25 25 25 24 23 23 23 23 21 20 21 23 23 23 23 23 23 23 24 23 23 23 24 24 24 24 24 24 24 24
21 20 20 20 20 20 20 19 19 19 19 20 19 19 19 19 19 18 18 18 19 18 17 17 17 15 13 12 12 11 11 8 8 8 5 -1 -8 -13 -7 -8 -5 -7 -7 -7 -4 -2 1 4 6 7 7 6 5 7 8 9 11 13 12 13 15 16 16 22 25 24 25 22 24 24 23 17 22 18 16 15 17 19 22 23 23 23 24 23 25 25 25 25 25 24 24 24 25 25 24 25
20 20 20 19 19 19 20 19 20 19 19 19 19 19 20 19 19 19 18 18 19 19 17 16 16 13 13 13 12 12 10 11 10 5 5 1 -5 -11 -8 -10 -9 -9 -8 -8 -4 -3 0 3 4 6 7 6 6 7 8 9 11 11 10 10 12 16 17 19 19 19 17 21 15 14 18 15 18 14 11 12 13 17 20 23 23 24 25 25 25 25 25 25 24 24 24 24 25 25 25 23
20 20 19 19 19 19 19 19 20 19 19 19 19 19 19 19 19 19 19 18 19 19 17 15 14 13 12 12 13 11 10 9 7 3 1 0 -5 -5 -6 -9 -14 -12 -9 -5 -2 0 0 1 3 4 6 6 6 6 8 8 8 8 9 9 11 17 16 18 18 18 16 18 15 15 15 12 15 11 10 10 11 14 17 22 23 25 25 25 25 25 25 25 25 25 24 25 25 25 25 25
19 20 19 19 20 19 19 19 19 20 19 20 19 19 18 19 19 19 19 18 19 19 19 18 15 13 13 13 12 12 11 10 7 3 1 0 -7 -1 -3 -10 -12 -13 -8 -7 -5 -4 -3 -3 -2 1 3 6 4 5 5 8 7 6 7 8 10 12 11 12 17 15 16 12 11 13 13 12 14 12 10 11 11 15 19 24 23 25 25 25 25 25 25 26 26 25 25 25 25 25 25 25
19 19 18 19 19 19 19 19 19 20 19 20 19 19 18 19 19 19 19 18 18 19 18 17 14 13 13 13 12 12 11 10 8 5 4 0 0 -2 -8 -12 -11 -12 -9 -6 -4 -3 -9 -13 -12 -6 0 4 5 6 6 8 8 7 7 7 8 9 9 13 15 13 12 11 11 10 11 11 10 13 12 14 14 15 21 23 24 25 25 25 25 27 25 25 26 26 26 25 25 25 25 25
19 18 19 19 19 19 19 18 19 20 19 19 19 19 18 18 19 19 19 18 18 18 18 17 16 15 13 14 13 11 10 8 9 6 6 3 0 -1 -3 -8 -10 -9 -9 -5 -7 -6 -3 -14 -11 -3 1 3 2 4 6 7 8 7 8 8 9 9 11 13 12 11 11 10 10 10 10 11 14 15 14 15 16 17 20 20 22 21 21 24 25 26 23 26 23 26 26 25 25 25 25 25
18 17 18 18 19 19 18 19 19 19 19 19 19 19 18 18 18 19 19 18 18 18 18 16 14 12 12 13 12 11 10 9 8 6 5 0 0 0 -2 -8 -9 -8 -8 -5 -3 -6 -4 -3 -2 -3 -2 0 0 0 4 5 6 7 8 9 10 10 11 11 10 9 11 9 9 10 11 12 13 12 13 15 17 18 20 17 15 20 18 21 17 14 14 16 19 19 22 25 24 26 26 26
16 18 18 18 18 18 18 18 19 19 19 19 19 19 19 18 18 19 19 19 18 18 16 16 13 13 12 12 11 11 10 9 8 7 7 1 1 1 -2 -4 -5 -7 -7 -6 -1 -2 0 0 0 0 0 -2 -2 0 2 4 5 7 7 9 9 9 9 10 8 7 7 8 7 8 10 11 11 11 12 13 14 15 14 13 13 13 13 12 12 9 8 11 12 14 19 20 22 25 25 19
16 17 18 17 17 18 18 18 18 19 19 19 19 19 19 19 18 18 19 19 17 16 16 16 13 12 12 12 12 11 10 10 8 7 6 3 2 0 -3 -5 -5 -5 -4 -3 0 0 0 1 0 1 0 0 0 1 2 3 3 4 6 7 9 8 7 7 6 6 5 4 5 6 8 9 9 8 11 11 10 13 12 12 12 12 12 11 9 6 8 8 10 12 14 17 20 21 24 18
16 16 17 17 17 17 17 17 18 19 19 18 18 19 19 19 18 18 19 18 17 16 16 14 13 13 12 12 11 11 12 10 8 7 7 4 2 0 -4 -5 -7 -6 -5 -1 1 2 2 1 2 1 0 0 0 0 2 3 2 2 4 7 8 7 7 5 3 3 2 4 3 5 6 6 7 8 9 8 8 8 10 10 10 12 11 9 5 5 5 5 8 10 12 15 18 19 22 22
16 16 17 17 17 17 18 18 18 19 18 19 18 19 19 19 18 18 17 18 16 16 15 14 12 12 11 11 11 11 10 11 8 6 6 4 0 -3 -5 -8 -8 -5 -2 0 0 2 2 -1 -1 1 1 0 -2 0 1 3 3 4 4 6 7 7 7 4 0 1 -1 0 2 4 5 5 5 6 7 6 6 6 7 8 9 9 10 7 5 4 4 6 7 9 12 13 16 18 21 21
15 16 17 17 17 17 18 18 18 18 19 18 18 19 19 19 18 18 18 17 17 16 14 15 14 12 11 12 11 11 10 10 10 9 7 4 0 -4 -5 -6 -5 -2 0 3 5 6 5 2 3 2 0 -1 -2 -2 0 1 4 5 7 6 7 6 6 2 0 -2 -4 -1 1 2 4 4 4 5 4 4 3 4 5 6 9 9 9 7 5 4 3 6 7 8 11 13 15 17 19 21
15 16 17 17 17 17 17 17 19 18 19 18 18 18 19 19 18 18 18 18 17 14 14 16 12 11 12 11 11 11 11 10 9 8 6 2 -2 -5 -6 -4 -4 -2 2 4 7 7 6 4 4 2 0 0 -3 -3 -1 0 3 5 7 6 6 5 3 1 0 0 -1 0 2 2 2 3 4 4 2 2 2 2 3 4 6 6 9 8 6 5 5 6 7 9 11 13 15 17 20 20
15 17 16 17 17 18 17 18 19 18 19 18 18 18 19 19 18 18 18 18 17 17 15 16 11 13 12 11 11 11 11 10 9 6 2 -3 -6 -8 -6 -7 -4 -5 0 5 7 7 7 5 4 2 0 1 0 0 2 3 4 6 5 5 5 5 2 1 0 0 1 1 1 2 1 2 3 1 0 0 0 0 1 0 1 4 8 8 6 6 6 6 7 11 11 11 14 18 19 20
9 14 17 17 17 17 17 18 18 18 19 19 19 18 18 19 18 18 17 15 14 13 15 16 16 13 12 13 12 12 11 11 9 4 0 -5 -10 -9 -10 -8 -6 -3 0 5 7 7 7 6 5 4 3 4 3 3 4 4 6 6 4 4 4 5 4 2 2 3 3 4 4 3 2 3 2 0 -1 -2 -3 -2 -3 -1 0 2 4 6 5 5 5 7 7 7 11 14 16 17 19 21
15 16 17 16 17 17 18 18 18 19 19 19 19 18 18 18 18 17 16 12 12 12 12 13 13 12 12 12 12 12 12 11 8 5 -2 -8 -10 -9 -8 -7 -4 -3 -2 3 2 8 7 7 6 6 5 5 5 5 5 6 6 6 3 2 3 4 4 4 3 3 4 4 4 4 4 3 0 -1 -3 -5 -6 -5 -4 -3 -3 0 1 5 5 5 7 8 10 12 14 15 16 17 18 20
