bio_6_recortado.asc
ncols        993
nrows        435
xllcorner    -105.258332676891
yllcorner    17.591666858876
cellsize     0.008333333771
NODATA_value -9999
[rows 84 to 125 of 435, columns 192 to 287 of 993]
69 71 70 70 71 71 70 70 70 70 70 69 68 66 59 52 54 55 59 67 68 62 64 62 59 59 54 67 70 70 71 72 72 72 73 73 73 73 73 74 74 74 74 74 73 73 73 73 73 73 71 70 70 70 71 71 70 70 70 68 67 62 56 52 52 53 57 62 64 65 63 61 56 51 41 41 44 46 48 49 48 49 51 57 58 52 56 58 58 57 57 57 55 53 52 49
70 70 71 70 70 60 70 69 71 70 70 70 69 65 50 43 45 56 62 68 68 68 67 52 43 47 48 66 68 69 70 72 72 73 73 73 73 73 73 74 74 74 74 74 74 74 73 73 73 73 73 73 72 72 72 72 72 71 70 68 68 63 55 48 45 49 55 60 63 64 61 51 40 40 36 35 39 45 55 55 55 44 47 53 58 60 60 60 53 52 55 56 53 50 50 50
71 70 71 70 69 51 62 69 70 70 70 70 70 67 57 54 56 64 66 69 70 68 67 53 57 57 47 57 66 68 71 72 71 72 73 73 73 72 72 73 73 74 74 74 74 74 74 74 73 73 73 73 73 73 72 72 72 72 70 68 68 63 55 49 43 45 52 57 61 62 58 51 39 29 28 33 39 44 45 57 58 54 48 51 52 59 60 52 47 50 52 48 42 41 47 51
72 71 71 70 67 68 68 68 63 64 70 70 70 70 68 66 66 70 71 71 70 70 68 64 67 64 52 56 64 69 71 73 69 70 72 72 72 72 72 72 73 73 73 73 73 74 74 74 73 73 73 73 73 73 73 72 72 71 71 70 68 63 58 52 49 48 51 54 58 58 54 44 37 31 29 32 38 45 50 58 59 59 57 52 55 62 55 46 46 47 49 43 53 51 55 55
71 70 70 69 68 68 68 67 65 66 70 71 71 71 71 71 71 72 72 72 71 71 64 60 67 69 69 65 64 70 71 72 71 68 67 68 68 67 70 71 71 71 72 73 74 74 74 73 74 74 74 73 73 73 73 73 72 71 71 70 66 63 59 54 52 49 51 52 56 56 51 45 40 35 34 36 42 51 53 57 62 58 54 52 59 63 60 50 50 50 58 57 61 62 63 63
70 71 68 68 67 65 67 66 63 66 67 70 71 71 71 71 71 71 72 72 72 72 62 53 69 70 70 68 69 70 70 71 71 67 66 66 65 67 69 69 69 70 71 72 71 72 73 73 74 74 74 74 74 73 73 72 69 72 68 60 59 53 57 52 45 40 44 42 44 44 47 44 41 41 42 42 45 49 55 61 61 63 60 52 55 65 63 63 62 64 64 64 64 64 64 65
72 71 69 68 68 66 69 68 65 69 69 67 70 71 71 71 72 72 72 72 72 72 69 67 67 70 71 71 70 70 71 71 71 71 71 63 65 65 61 65 68 69 69 70 72 75 74 75 74 74 74 74 74 73 74 73 70 68 66 72 70 71 66 60 54 51 39 36 32 37 42 45 44 44 49 49 44 47 52 56 59 62 64 65 64 65 65 65 66 66 66 64 65 65 65 66
71 72 73 74 72 73 69 68 70 69 68 61 67 67 70 71 71 72 72 72 72 72 71 70 70 70 71 71 71 71 71 72 71 71 72 72 67 65 63 59 65 71 72 74 75 75 75 75 75 75 73 73 73 73 74 74 73 73 73 73 72 71 71 71 68 66 62 48 39 39 41 48 47 50 52 54 48 47 52 53 51 57 65 66 65 67 66 65 66 66 66 66 66 65 66 66
70 72 74 75 73 75 73 71 71 71 67 66 66 63 66 70 71 71 71 72 72 72 71 69 65 63 71 71 71 72 72 72 72 72 72 72 72 69 69 68 67 72 74 74 74 73 74 74 73 74 74 74 74 73 74 74 74 73 73 73 73 72 72 71 70 68 57 40 38 48 53 59 65 59 59 62 58 53 60 60 66 64 67 67 67 67 67 67 67 67 66 66 66 67 67 67
73 73 75 76 76 76 75 73 72 71 67 65 65 66 66 68 70 71 71 71 71 72 71 67 57 59 69 71 71 72 72 72 72 73 72 72 72 72 72 73 74 73 72 72 72 70 72 68 72 73 73 74 74 74 73 74 74 74 73 73 73 73 72 72 70 67 53 37 33 37 43 63 68 68 68 68 69 68 67 68 68 68 68 68 67 67 67 67 67 68 67 66 67 68 67 67
73 74 76 77 77 77 77 75 73 73 70 69 66 65 67 69 67 69 70 70 71 69 65 60 53 61 66 70 71 71 72 72 73 73 64 73 74 73 74 74 74 73 69 70 66 63 65 59 68 72 73 74 74 74 75 75 75 73 73 74 73 73 73 72 68 66 56 36 35 38 47 68 69 69 69 69 69 69 68 68 68 68 68 69 68 69 67 69 68 68 68 67 68 68 68 67
74 76 76 77 77 77 77 77 77 73 69 69 69 62 59 58 57 60 64 68 67 58 65 67 65 65 58 47 52 60 70 71 72 73 73 73 74 74 74 74 74 74 74 74 74 63 58 59 70 73 75 75 75 74 74 74 75 74 74 74 74 73 73 72 65 64 57 50 44 48 56 68 70 69 69 70 70 70 70 70 70 70 70 69 69 69 69 69 67 68 69 69 68 68 64 60
75 77 77 77 77 77 77 77 77 75 69 68 69 66 59 53 51 51 53 56 56 56 54 50 46 58 51 44 45 53 65 69 71 72 73 73 73 73 74 74 74 74 74 74 74 69 65 65 74 75 74 75 75 75 75 75 74 75 75 75 74 74 73 72 69 64 64 65 62 58 66 70 71 71 71 71 71 71 71 70 70 70 70 70 70 70 69 69 68 68 68 69 69 68 61 53
78 78 78 78 77 78 78 78 79 76 75 73 68 65 60 54 52 46 42 43 42 45 44 42 41 42 45 44 46 49 57 60 65 66 70 70 71 72 74 74 73 73 74 75 74 74 75 73 75 76 75 76 75 75 75 75 75 76 75 74 75 74 74 74 73 73 72 72 71 72 72 72 71 71 71 71 71 71 71 71 71 70 70 70 70 70 70 69 68 67 69 69 63 56 51 50
78 78 78 78 78 78 79 79 79 78 74 74 72 69 61 59 60 54 48 48 35 32 37 34 37 35 38 38 40 42 48 54 58 58 62 65 65 62 63 71 72 73 71 72 74 75 75 75 72 71 75 75 74 76 76 75 75 75 73 73 73 74 74 73 73 74 73 73 70 69 69 70 71 70 69 69 70 69 71 71 71 71 70 70 70 71 71 71 69 69 62 58 61 65 69 72
78 78 78 78 78 79 79 79 79 79 77 67 68 65 67 68 69 69 69 69 60 41 31 30 31 31 31 33 32 33 40 46 52 50 54 59 60 55 55 64 66 69 70 66 72 67 69 72 70 70 71 74 75 75 75 73 74 75 73 74 73 73 72 74 73 71 67 62 53 49 51 66 65 58 60 63 64 66 68 71 70 70 71 71 71 71 71 71 70 70 71 71 71 71 71 72
79 78 78 79 78 79 79 79 79 79 79 61 52 60 60 68 69 69 69 70 66 55 41 26 25 25 24 29 26 25 30 34 38 42 44 44 42 38 42 46 55 49 50 47 53 52 68 69 70 71 73 74 74 71 70 71 72 70 66 69 69 69 70 72 73 72 65 59 42 35 34 39 43 52 53 47 49 54 55 64 65 68 69 71 70 71 71 71 72 72 72 72 72 72 72 72
79 79 78 79 79 79 79 79 79 79 79 75 56 42 53 68 68 69 69 70 69 63 45 35 27 22 20 22 18 20 26 27 29 32 33 34 29 33 36 41 46 61 59 62 62 66 65 64 67 69 70 73 70 70 68 64 64 65 63 65 62 59 61 68 71 70 68 63 56 52 46 44 44 47 44 40 35 34 37 43 58 63 67 69 69 69 71 71 71 72 72 72 72 72 72 72
79 79 79 78 79 79 79 79 79 79 80 75 68 45 54 67 68 68 69 68 68 64 51 39 29 25 15 15 14 17 19 23 25 28 28 27 32 43 55 56 58 60 52 46 57 63 60 60 62 64 66 70 70 72 72 69 67 62 61 71 60 51 46 64 65 66 66 61 62 54 51 46 47 46 43 36 30 28 28 39 48 59 65 68 69 70 68 70 71 70 70 72 72 72 72 72
79 79 79 79 79 79 79 79 79 80 78 80 80 62 52 62 68 68 68 68 68 65 53 45 34 30 23 18 24 22 25 30 37 36 37 40 48 55 53 51 52 48 43 40 41 47 45 49 53 57 59 59 66 69 72 72 73 73 73 74 63 56 45 57 54 60 67 64 62 52 50 43 42 44 42 36 34 31 30 36 43 54 64 63 64 65 68 71 69 70 69 71 71 73 73 70
79 79 79 79 79 79 79 79 79 80 80 80 80 80 51 58 67 68 68 69 67 66 63 56 44 37 33 30 30 30 30 34 39 46 49 52 53 55 52 45 40 35 31 28 29 28 37 37 36 35 37 39 55 59 66 71 69 66 70 73 76 72 65 63 60 57 62 66 63 64 63 54 45 40 39 47 42 48 60 34 46 60 62 60 61 63 62 67 66 67 66 66 68 72 70 67
79 79 79 79 79 79 79 79 80 80 80 80 80 80 67 61 68 67 68 68 68 67 65 59 52 43 39 37 38 37 39 41 47 48 51 53 54 53 52 50 48 41 29 29 28 32 36 29 29 26 26 28 36 38 48 49 59 60 62 72 78 78 75 74 75 70 69 68 74 75 73 69 53 47 63 69 74 72 67 74 74 54 56 57 60 59 61 65 62 60 60 64 66 67 70 65
79 79 79 79 79 79 79 80 80 80 80 80 80 80 80 69 58 68 68 68 68 68 67 64 58 53 49 45 44 42 42 46 46 51 52 53 54 51 50 47 44 38 33 33 27 28 28 32 29 28 32 38 49 53 62 64 46 67 68 78 78 79 78 78 77 76 76 77 77 78 77 77 77 76 77 76 76 76 75 76 76 74 55 44 51 51 55 59 60 56 56 59 62 60 50 56
79 79 79 79 79 79 80 80 80 80 80 80 80 80 80 76 58 56 67 68 68 67 67 66 64 58 56 54 53 48 41 41 45 44 47 48 52 47 43 40 40 32 30 34 30 29 31 32 35 35 35 48 54 61 68 73 74 72 76 79 80 79 80 80 79 79 79 79 78 78 78 77 77 77 77 77 76 75 76 76 75 75 74 75 66 49 53 56 55 53 46 55 57 46 37 42
79 79 79 79 80 79 79 79 80 80 80 80 80 80 80 78 63 48 58 63 67 67 67 66 65 63 59 58 57 50 43 38 40 40 39 39 36 31 31 30 30 43 42 47 52 49 45 49 47 47 51 56 63 69 72 75 79 80 81 81 81 80 81 80 80 81 80 79 79 78 78 78 77 77 76 76 77 75 75 76 75 75 75 76 76 73 72 74 74 60 47 59 57 52 65 47
78 78 79 79 79 79 80 79 80 80 80 80 80 80 80 81 70 47 42 48 55 67 66 66 63 63 50 46 42 46 49 51 51 44 37 37 32 32 27 38 44 52 60 61 67 71 78 70 77 77 76 69 68 72 76 79 81 82 83 82 82 81 81 81 80 80 80 79 79 79 78 78 78 77 77 76 77 77 75 75 76 75 75 76 75 76 76 76 76 75 75 75 73 75 74 76
78 77 78 78 79 79 80 80 79 80 80 80 80 80 80 79 73 60 40 38 44 49 61 65 63 67 69 54 55 63 72 70 73 75 75 72 70 63 64 58 59 71 77 78 79 79 81 80 80 80 79 82 81 71 73 76 83 83 83 83 83 82 82 81 81 80 80 81 79 79 78 78 78 78 77 77 76 77 77 76 76 75 75 76 76 76 76 76 76 76 76 76 75 76 75 76
75 77 77 77 78 79 79 80 80 80 80 80 80 80 80 80 76 62 47 44 40 43 51 63 69 70 71 72 73 73 74 74 74 75 76 76 75 76 77 72 78 77 78 79 79 80 80 81 81 82 82 82 82 83 84 85 83 84 84 83 83 82 82 82 81 80 80 80 79 79 79 78 78 78 78 77 76 77 77 77 77 77 77 77 75 76 76 76 76 76 76 76 76 76 76 76
74 76 76 77 78 79 79 80 80 79 80 80 80 80 80 81 76 62 44 53 55 49 42 53 66 71 72 73 73 74 74 75 75 76 76 76 76 77 77 77 78 78 79 79 79 79 80 81 81 81 82 82 83 84 84 84 84 84 84 83 83 82 82 82 81 81 80 80 80 79 79 79 78 78 78 78 77 77 77 76 77 77 76 77 77 77 77 76 76 76 76 76 76 76 76 76
74 75 75 76 78 79 79 80 80 80 79 80 80 80 80 81 75 57 36 41 45 52 60 67 68 70 72 73 74 74 74 74 75 75 76 76 76 77 77 77 78 78 79 79 79 79 80 81 81 82 82 82 83 84 84 84 84 84 84 83 83 83 82 82 81 81 80 80 80 79 79 79 79 78 78 78 78 78 77 77 76 77 77 77 77 77 77 77 77 76 76 76 76 76 76 76
70 73 75 77 78 79 79 79 80 80 80 75 80 80 80 80 79 62 35 30 40 45 52 61 67 71 72 73 73 74 74 74 75 75 75 76 76 77 77 77 77 79 79 79 79 80 80 81 80 81 82 82 82 83 83 84 83 84 84 83 83 82 82 82 81 81 80 80 80 80 79 79 79 79 79 78 78 78 76 77 77 76 77 77 76 77 77 77 76 77 77 76 76 75 76 76
70 70 72 76 77 77 79 79 80 80 80 80 79 80 81 81 80 64 62 49 34 34 41 48 58 67 71 73 73 74 74 75 75 75 75 76 76 77 77 77 77 79 79 79 79 79 80 80 80 82 82 82 82 82 83 83 84 84 83 83 83 82 82 82 81 81 81 80 80 80 80 79 79 79 78 78 78 78 78 78 78 77 76 77 76 76 76 76 77 76 76 76 76 76 76 75
67 65 72 76 77 78 80 79 80 80 80 80 80 81 81 81 79 75 70 69 68 48 34 37 45 56 70 72 73 74 74 74 75 75 75 76 76 77 77 77 77 78 79 79 79 79 80 80 81 81 82 82 82 82 82 82 83 83 83 83 83 82 82 82 81 81 81 80 80 80 80 79 79 79 78 78 78 78 78 78 78 76 76 77 76 76 77 76 76 76 76 76 76 76 76 76
66 70 61 71 75 78 80 80 79 81 81 80 81 80 80 80 80 77 71 72 70 59 41 40 49 56 69 72 73 73 75 75 75 75 75 75 76 77 77 77 77 77 79 79 79 79 79 80 80 80 81 82 82 82 82 82 82 82 82 83 83 82 82 82 81 81 81 80 80 80 80 79 79 79 79 79 78 78 77 78 78 77 76 76 76 76 76 76 76 76 76 76 76 76 76 76
58 63 58 58 66 69 73 73 79 80 80 80 80 80 80 80 80 80 77 74 75 67 49 41 45 43 46 65 71 73 73 74 75 75 75 75 76 77 77 77 77 77 77 79 79 79 79 79 80 80 81 81 81 82 82 82 82 81 82 82 82 82 81 82 81 81 81 80 80 80 80 80 79 79 79 79 78 78 78 78 77 77 76 77 76 76 76 76 76 76 76 76 76 76 76 76
54 63 52 59 59 58 65 71 77 80 80 80 80 80 80 80 80 80 80 74 76 73 67 51 40 36 37 49 67 70 73 74 74 74 73 74 75 76 77 77 77 77 77 78 79 79 79 79 80 80 80 81 81 82 82 82 82 81 83 82 82 82 81 81 81 81 81 80 80 80 80 80 79 79 79 78 78 77 78 77 77 77 76 76 76 76 76 76 76 76 76 76 76 76 76 76
52 57 52 48 55 53 56 65 74 79 79 79 79 79 80 80 80 65 69 75 77 75 74 70 49 34 38 44 46 55 65 68 71 71 70 72 72 75 75 77 77 77 78 78 79 79 79 79 79 80 80 81 81 81 81 81 81 81 81 82 82 82 82 81 81 81 81 80 80 80 80 79 79 79 79 79 79 78 77 77 77 77 77 77 76 76 76 76 76 76 76 76 76 76 76 76
46 50 47 41 40 43 50 56 68 75 78 78 78 78 79 80 80 64 62 69 77 76 75 69 61 40 38 41 45 48 52 60 62 65 59 55 58 57 63 70 72 77 77 77 78 79 79 79 79 80 80 81 81 80 81 81 81 81 81 82 81 82 82 81 81 80 80 80 80 80 80 79 78 79 78 79 78 77 77 77 77 77 77 77 76 76 76 76 76 76 76 76 76 76 76 75
38 43 41 38 38 45 47 46 61 67 70 77 76 79 79 80 80 75 61 66 68 70 68 53 52 50 41 46 48 43 47 54 52 56 55 46 37 33 45 58 65 72 77 77 77 78 79 79 79 80 81 81 80 80 81 81 81 81 82 81 80 80 80 80 81 79 81 80 79 80 79 79 79 78 79 78 77 77 77 77 77 77 77 77 76 76 76 76 76 76 76 76 76 75 75 75
37 38 38 37 37 37 45 49 59 69 74 75 77 76 80 80 80 79 73 70 72 79 63 72 59 47 43 43 48 48 49 49 49 53 50 38 28 27 34 47 58 62 75 73 74 67 69 72 76 79 80 79 79 80 81 81 81 80 80 82 80 80 80 80 80 79 81 79 79 79 79 78 78 78 78 78 77 78 77 77 77 77 77 77 77 77 76 76 76 76 76 76 75 75 75 75
37 37 38 38 37 39 45 50 56 64 71 71 77 76 78 80 80 80 80 81 78 80 79 75 54 64 63 52 56 55 42 48 48 48 44 37 27 23 27 37 46 44 46 57 53 57 52 64 53 75 79 79 79 79 80 81 80 80 80 80 80 80 80 80 81 80 79 79 79 79 79 79 78 78 78 78 77 77 77 77 77 77 77 77 77 76 76 76 76 76 76 76 76 75 75 75
37 37 37 37 38 41 45 51 54 62 68 71 71 73 75 76 80 81 81 82 81 81 81 82 69 61 80 70 70 55 52 42 44 43 37 32 25 20 23 28 31 32 34 36 37 32 26 31 35 52 63 69 76 78 78 80 80 80 80 80 80 80 80 79 80 79 79 79 79 79 79 79 78 78 78 78 78 78 77 77 77 72 77 77 77 74 74 76 76 76 75 75 75 75 75 75
