bio_5_recortado.asc
ncols        993
nrows        435
xllcorner    -105.258332676891
yllcorner    17.591666858876
cellsize     0.008333333771
NODATA_value -9999
[rows 78 to 116 of 435, columns 264 to 351 of 993]
322 320 319 317 315 313 311 309 311 308 307 305 306 305 305 305 306 304 307 306 306 307 308 309 310 312 314 316 317 320 322 323 323 323 324 324 324 325 325 324 324 326 325 325 324 324 325 320 311 309 310 311 312 320 319 319 315 313 308 307 304 297 308 309 312 323 311 312 328 328 328 328 324 323 317 314 322 316 312 316 319 314 323 323 316 322 330 324
321 321 320 319 320 319 317 313 312 312 310 308 304 304 305 307 307 301 302 304 306 306 308 310 313 315 318 320 321 322 322 323 324 324 324 324 325 324 324 324 325 325 325 325 325 325 324 324 321 317 317 320 321 324 321 318 316 316 314 311 309 306 307 309 320 326 327 328 327 323 316 311 315 312 313 316 321 313 312 313 323 327 326 329 328 327 329 331
324 322 320 320 319 318 317 314 312 312 310 310 310 309 307 306 307 303 299 298 305 307 309 311 314 316 319 320 322 322 323 323 324 324 324 325 324 324 324 325 325 325 324 324 324 325 325 322 322 324 325 325 325 325 325 326 326 324 325 324 323 326 323 327 328 326 328 328 320 306 305 307 309 312 323 323 325 326 326 328 328 330 329 332 332 333 331 331
323 321 319 321 320 319 317 316 314 311 310 311 310 308 306 307 306 305 304 304 299 300 305 309 311 313 316 318 321 322 323 323 323 324 324 324 324 324 324 325 325 324 324 325 325 325 325 322 323 326 326 325 325 326 326 325 326 326 326 325 326 327 327 328 328 328 322 314 313 309 307 312 312 320 325 325 326 327 328 328 330 330 331 331 331 332 332 333
321 321 317 315 319 318 314 314 311 309 310 307 305 304 305 307 308 310 304 305 305 304 304 306 308 311 313 314 319 322 322 323 323 324 324 324 323 323 325 324 324 324 325 325 325 325 325 325 324 325 325 325 325 325 326 326 325 326 326 326 326 327 326 327 324 320 317 321 323 323 324 308 307 326 327 324 325 321 314 319 329 330 331 331 332 332 332 332
319 316 316 311 310 310 310 315 314 313 310 307 304 307 307 310 307 310 313 310 307 305 304 301 302 304 310 312 315 318 320 323 322 324 324 323 324 324 324 324 324 323 325 325 325 325 324 324 324 325 325 325 325 325 325 325 326 326 326 326 326 326 326 327 327 325 327 326 326 326 323 320 322 327 327 325 326 317 312 317 328 330 330 327 331 331 332 332
315 313 306 306 308 309 310 311 310 310 313 315 316 312 315 317 316 316 316 316 313 312 312 309 307 309 312 313 313 314 320 322 321 323 323 323 323 324 324 323 323 324 324 324 324 324 322 321 319 323 325 325 325 324 325 325 325 326 326 326 326 326 327 327 327 327 327 327 323 320 311 307 315 328 328 328 328 329 324 329 331 331 331 320 319 322 326 332
305 305 296 297 301 309 314 315 315 307 308 312 315 317 317 317 313 312 313 314 311 310 310 310 310 309 310 310 310 311 312 311 313 311 320 321 323 323 323 323 324 324 324 324 324 324 324 324 324 324 320 320 324 323 324 323 324 324 321 322 326 326 326 327 327 327 327 327 325 325 316 312 323 328 329 329 330 330 330 331 331 329 321 321 322 332 332 332
303 283 279 291 302 307 309 314 315 313 310 312 311 316 317 312 307 310 311 308 303 301 306 309 309 313 310 310 310 316 320 319 319 320 321 322 323 323 323 323 323 323 324 324 324 323 323 323 323 319 316 320 322 323 323 322 322 320 312 308 307 315 324 326 327 326 326 327 326 326 326 328 328 328 328 329 330 330 330 331 330 329 329 330 332 332 331 330
299 285 283 288 300 308 311 315 316 316 314 311 313 317 312 307 306 307 309 304 311 309 312 312 311 317 318 317 318 318 320 321 318 321 322 322 323 323 322 323 323 323 323 323 323 323 324 323 323 322 321 323 323 323 323 323 323 322 321 322 324 323 325 326 326 326 326 327 327 327 328 329 328 328 328 329 330 329 330 331 331 330 331 331 330 328 325 326
304 294 291 297 305 311 312 314 317 314 312 311 315 318 315 309 309 309 314 314 316 318 318 318 319 319 320 320 320 320 320 320 319 321 321 322 322 322 323 323 323 323 323 323 323 323 321 323 323 322 323 323 322 323 323 323 323 323 322 320 323 325 325 325 326 326 327 327 327 327 328 328 328 328 328 329 329 329 330 330 330 330 329 322 318 323 324 324
305 305 306 306 308 310 313 316 316 317 315 310 312 318 318 317 316 317 318 318 318 318 318 319 319 319 319 319 320 321 320 320 321 321 321 321 322 322 322 322 322 322 322 322 322 321 322 322 322 322 322 322 322 321 323 321 321 321 321 308 309 320 324 325 325 325 327 327 327 327 328 328 328 328 329 329 329 329 330 330 330 321 314 316 317 322 325 327
309 308 310 310 307 308 311 313 314 316 317 318 317 318 318 318 318 318 318 318 318 318 318 319 319 319 319 320 320 320 320 321 321 321 321 321 322 322 322 322 322 322 322 322 322 322 322 322 322 322 322 322 321 320 320 320 320 319 318 313 306 319 320 321 302 315 325 327 326 327 328 328 327 328 329 329 329 329 330 330 330 327 318 316 316 319 322 319
309 310 311 311 308 308 311 311 309 312 317 318 317 318 318 317 318 318 318 317 318 318 318 318 318 318 318 319 319 319 321 320 321 320 320 321 321 322 321 321 321 321 322 322 320 321 321 321 322 322 322 316 315 319 319 318 319 318 318 318 315 316 315 308 298 312 322 324 326 326 327 327 327 328 328 329 328 329 330 330 330 323 317 313 309 307 317 328
317 314 314 315 313 310 313 314 317 316 318 318 318 318 318 317 317 318 318 318 318 318 318 318 318 318 318 318 319 319 320 320 320 320 321 321 321 321 321 321 321 319 320 319 319 321 321 321 321 320 319 314 307 311 300 313 313 313 307 309 307 315 310 301 295 311 317 325 326 326 326 327 327 327 328 328 328 329 329 330 329 327 317 306 306 309 317 326
318 318 318 318 318 318 318 318 318 318 318 318 318 317 318 317 318 318 317 318 318 318 319 319 317 315 314 314 314 316 318 319 319 319 320 321 321 321 321 320 317 312 320 321 320 321 321 320 320 316 318 315 304 297 300 303 309 308 302 316 317 319 318 311 312 319 322 324 326 326 326 327 327 327 327 328 328 328 329 330 329 330 319 312 305 308 317 327
318 318 318 318 318 318 318 317 317 317 317 317 317 317 317 317 317 317 317 317 317 317 317 316 315 312 309 311 311 311 310 313 315 317 319 320 320 320 320 320 319 317 320 320 321 320 320 319 319 319 316 305 295 292 293 296 296 302 314 316 313 320 322 320 323 323 324 324 326 326 326 326 327 327 327 328 328 328 328 329 329 329 325 319 308 307 317 328
318 318 318 318 318 318 318 318 318 317 317 317 317 317 317 317 316 317 317 318 317 317 314 312 312 307 306 308 307 305 307 310 311 312 314 319 319 320 320 320 320 320 320 320 320 320 320 320 320 316 317 312 301 285 285 285 286 299 302 302 302 315 321 322 323 323 324 324 325 325 326 326 327 327 327 327 328 328 328 329 329 329 329 328 326 329 330 330
318 318 318 318 318 318 318 318 318 317 318 316 317 316 317 318 316 316 316 316 316 316 311 306 305 306 306 305 304 303 301 303 308 310 309 308 312 318 319 319 320 320 319 320 319 320 320 320 320 319 317 317 312 309 299 302 301 308 315 314 319 321 322 322 323 323 323 324 325 325 326 326 326 326 327 327 328 328 328 328 329 329 329 329 329 329 329 328
317 317 317 317 317 317 317 317 317 317 317 317 317 317 317 317 316 315 316 316 313 309 305 305 312 316 316 313 313 316 316 315 308 317 312 309 308 314 319 320 320 319 319 319 319 319 319 319 320 320 320 319 316 314 310 314 315 316 318 319 321 322 322 322 323 323 323 324 324 324 325 326 325 326 327 327 327 327 328 328 329 329 329 329 329 329 329 327
317 316 315 315 316 315 317 317 317 317 317 317 317 317 317 317 315 316 312 309 311 312 316 317 317 317 317 317 317 317 318 318 318 318 318 317 318 318 318 319 319 318 319 320 319 319 319 319 319 319 320 320 318 319 316 317 318 319 320 320 320 322 321 322 323 323 323 324 324 324 325 325 325 326 326 327 326 327 328 328 329 328 329 329 329 329 330 329
313 309 310 311 312 313 314 316 315 315 315 316 315 316 316 316 315 316 316 316 316 317 317 317 317 317 317 317 317 317 317 317 317 317 317 317 317 319 319 319 319 319 318 319 318 319 319 319 319 319 319 319 319 319 319 319 319 320 320 320 320 321 321 322 321 323 323 323 324 324 324 325 325 325 326 326 326 327 328 328 328 328 328 329 329 329 330 330
302 306 307 304 305 308 308 312 312 314 314 315 314 315 316 315 316 316 316 315 316 315 316 316 316 316 316 317 317 317 317 317 317 318 318 318 318 318 318 318 318 317 317 319 319 318 318 319 319 319 319 318 318 319 319 319 319 320 320 320 320 321 321 321 321 322 323 322 324 324 324 325 325 325 326 326 326 327 327 328 327 328 328 328 329 329 329 329
301 304 302 298 290 291 294 300 308 310 311 314 314 314 315 315 314 315 315 315 315 315 316 316 316 316 316 316 317 316 316 316 316 316 317 317 317 318 318 318 318 318 318 317 318 318 318 318 318 318 319 319 318 319 319 319 319 320 320 319 320 320 321 321 321 321 322 322 322 324 324 324 325 325 326 326 326 327 327 327 327 328 328 328 329 329 329 329
303 303 300 293 283 279 279 295 303 308 311 312 313 313 313 314 314 314 314 315 315 315 315 314 315 315 315 313 315 313 315 316 317 317 317 317 317 317 317 318 318 316 317 316 316 317 318 317 318 318 318 318 318 318 319 318 319 319 319 319 320 320 320 321 321 321 321 322 322 324 324 323 325 325 325 326 326 326 327 327 327 328 328 328 329 329 329 329
299 300 299 292 289 283 282 292 299 305 310 310 309 310 312 313 312 314 312 314 313 314 314 312 314 315 312 309 308 311 314 315 316 316 316 316 316 317 317 317 317 316 316 314 314 315 316 317 317 317 318 318 317 318 318 318 318 318 318 319 319 319 320 319 321 321 321 322 322 322 323 323 323 325 325 326 326 326 327 327 327 328 328 328 328 329 329 329
301 297 296 302 298 303 308 288 301 307 308 307 308 308 308 311 310 310 310 310 312 313 313 311 311 310 308 304 307 307 310 315 315 316 316 316 316 316 316 316 317 315 312 311 309 312 315 316 316 316 317 317 317 317 317 317 318 318 318 318 318 318 320 319 320 321 321 321 322 322 322 323 324 325 324 324 326 326 327 327 327 328 328 328 329 329 329 329
305 301 308 311 313 312 310 313 314 304 306 306 307 306 307 309 308 307 307 308 310 310 311 309 306 304 305 306 306 306 308 311 315 315 315 315 315 316 316 316 315 311 305 302 303 309 312 314 316 316 316 316 317 317 317 316 316 318 317 318 318 318 318 319 319 320 321 321 321 322 322 323 323 323 324 324 326 326 326 327 327 328 328 328 329 329 329 329
314 313 314 314 314 314 314 314 314 314 305 298 303 303 304 306 306 304 305 306 307 307 301 305 304 304 311 310 309 308 311 314 315 315 315 315 315 315 315 316 314 306 298 295 304 310 315 316 315 316 316 315 316 316 316 316 317 317 317 318 318 318 318 319 319 320 320 320 321 321 322 322 323 323 324 324 325 326 326 327 327 328 328 328 329 329 329 329
312 313 313 313 313 313 313 314 313 314 313 314 308 301 303 304 303 302 298 304 305 298 290 294 304 308 311 310 310 310 311 313 314 314 314 314 315 315 314 314 312 305 300 296 306 310 313 315 316 316 316 316 316 316 316 316 316 316 316 316 318 318 318 318 318 319 320 319 321 321 322 322 323 323 324 324 325 326 326 326 327 328 328 329 329 329 329 330
312 312 312 313 313 313 313 312 312 312 312 313 314 312 311 313 313 305 299 305 303 301 308 299 302 305 308 310 308 310 313 314 314 314 314 314 314 314 311 311 311 306 303 303 313 314 314 315 315 316 316 316 315 315 316 315 316 316 316 316 316 317 318 318 318 318 319 319 319 321 320 322 322 323 323 324 324 326 325 326 327 328 327 329 329 329 330 330
312 311 312 312 312 312 312 312 312 312 312 312 312 313 313 313 313 313 313 313 312 312 312 313 313 313 314 312 313 313 313 313 314 314 314 313 311 306 306 306 308 312 310 315 315 315 315 315 315 315 315 315 315 315 315 315 315 315 316 316 316 317 316 317 318 318 318 319 319 321 321 322 322 323 323 324 324 322 318 326 328 328 329 329 329 330 330 330
311 312 312 312 312 312 312 312 312 312 312 312 312 313 313 313 313 313 313 313 312 313 313 313 313 313 313 313 313 313 313 313 313 313 313 313 313 313 314 308 310 313 315 315 314 314 315 315 314 314 315 315 315 314 314 315 315 315 315 315 315 316 317 317 317 318 318 318 319 319 321 320 322 322 323 324 323 320 319 323 328 328 329 329 330 330 330 330
310 310 310 311 311 312 312 312 312 312 312 312 312 311 312 313 313 313 313 312 312 312 312 313 313 313 313 312 313 313 313 313 313 313 313 313 313 313 313 314 314 314 315 314 314 314 315 315 314 314 314 315 314 314 314 315 315 314 315 315 315 315 316 316 317 317 318 318 318 319 321 320 322 322 323 323 323 320 321 326 327 328 329 329 330 330 330 331
310 310 310 310 310 310 312 312 312 312 312 312 311 311 311 311 312 312 312 312 312 312 312 312 312 312 312 312 312 312 313 313 313 313 313 313 313 313 314 314 314 313 314 314 314 314 314 314 314 314 314 314 314 314 314 314 315 315 315 315 315 315 315 315 316 317 317 318 318 319 319 320 320 322 322 322 323 324 325 326 327 328 328 329 330 330 331 331
310 310 310 310 310 310 310 311 311 312 312 312 311 311 311 311 311 311 312 312 312 312 312 312 311 311 312 312 312 312 312 313 313 312 312 312 312 312 313 313 313 313 314 314 313 313 313 314 314 313 313 313 314 314 313 313 313 314 314 314 315 315 315 316 315 317 317 317 318 318 319 320 320 321 322 323 324 324 325 326 326 328 328 330 330 331 331 331
310 310 310 310 310 310 310 310 311 310 311 311 311 311 311 311 311 311 311 311 312 312 312 312 311 311 311 311 312 312 312 312 312 312 312 312 312 313 313 313 313 312 312 313 313 313 313 312 313 313 313 313 313 312 313 313 313 313 314 314 314 315 315 316 315 316 316 317 317 318 318 319 319 321 321 323 324 324 325 326 326 328 328 329 330 326 328 331
310 310 310 310 310 310 310 310 310 310 310 311 311 311 311 311 311 311 311 311 311 312 310 312 312 311 311 311 311 311 311 313 311 311 311 312 311 311 312 312 312 312 312 312 312 312 312 312 312 313 313 312 312 312 313 313 313 313 314 314 314 314 315 315 315 315 316 317 317 317 318 318 319 320 322 321 323 324 325 326 326 327 329 329 327 321 326 328
310 309 309 310 310 310 310 310 310 310 310 310 310 311 311 311 311 311 311 311 310 310 310 312 310 311 311 311 311 311 311 312 312 311 311 311 311 311 311 312 312 311 311 311 312 312 312 312 312 312 312 312 312 313 313 313 313 313 314 313 314 314 314 315 315 315 316 317 317 318 318 319 319 320 321 323 322 322 325 325 326 327 325 326 326 328 328 326
