bio_5_recortado.asc
ncols        993
nrows        435
xllcorner    -105.258332676891
yllcorner    17.591666858876
cellsize     0.008333333771
NODATA_value -9999
[rows 234 to 272 of 435, columns 792 to 879 of 993]
193 195 196 199 203 204 203 212 216 227 235 240 242 246 251 252 254 256 257 258 259 259 260 261 262 262 262 263 263 263 263 264 262 259 264 264 264 261 263 260 262 264 263 259 258 257 256 255 256 256 257 257 257 257 256 256 255 254 253 253 251 251 249 247 244 240 236 231 225 219 213 208 203 197 192 192 196 197 202 208 214 223 228 235 241 246 248 246
187 191 194 195 196 203 206 213 218 225 234 238 243 247 250 252 253 255 256 258 258 259 260 260 261 262 262 263 263 263 263 264 263 261 264 265 264 263 263 257 259 264 264 262 261 258 257 257 257 256 255 257 259 258 257 257 255 255 253 252 251 250 249 247 244 241 234 230 223 212 209 204 196 190 180 177 182 189 194 203 211 218 227 234 239 242 246 248
185 185 184 188 195 190 204 212 216 222 227 234 244 246 248 251 252 254 256 257 258 259 259 260 261 262 261 263 263 264 264 264 265 264 265 264 261 260 258 256 257 264 264 261 262 260 259 262 260 260 259 260 260 258 258 257 256 256 254 252 251 250 248 246 244 240 233 228 221 213 206 196 186 167 162 164 172 181 195 202 212 220 225 231 236 240 246 249
176 177 176 183 177 184 194 208 211 214 219 232 239 244 247 249 251 253 256 256 256 257 254 257 261 262 261 262 264 264 264 265 264 265 265 266 266 263 261 258 260 264 265 260 262 264 264 264 264 261 261 261 260 259 258 257 256 254 254 253 251 250 248 245 241 236 231 225 218 209 202 194 181 161 150 149 167 186 185 182 207 218 224 230 236 239 246 250
170 162 169 178 174 177 180 200 207 208 215 227 237 242 244 247 250 251 253 254 255 256 254 257 259 260 261 262 263 265 264 265 266 265 265 266 265 265 266 266 266 265 265 265 264 265 264 264 263 263 263 261 261 260 258 258 256 255 254 253 252 250 247 245 241 235 230 223 216 206 201 196 185 162 144 141 154 164 171 186 203 215 222 230 236 241 245 249
166 153 156 161 168 167 180 190 198 204 214 218 236 238 241 245 247 250 252 253 254 255 256 258 260 261 261 263 263 265 264 265 265 265 266 266 265 266 266 266 265 266 266 266 266 266 266 265 264 264 263 262 261 260 259 258 257 255 254 253 252 250 248 243 242 236 233 224 217 212 203 193 180 172 154 165 161 175 183 195 203 214 222 229 234 242 245 252
142 148 137 146 151 159 177 187 203 211 214 222 231 238 239 242 246 248 250 251 253 255 256 258 260 261 261 263 264 265 266 265 266 265 266 266 266 267 266 266 267 267 266 266 266 266 265 265 265 265 264 263 262 260 260 258 256 255 254 253 252 250 248 246 242 237 233 228 221 213 208 197 189 184 166 175 183 184 186 194 207 216 225 230 237 243 245 249
138 129 127 126 149 159 172 174 202 205 212 220 224 228 235 240 244 246 248 251 254 254 257 259 260 262 262 263 264 264 265 265 266 265 267 266 267 267 266 267 267 267 266 266 267 267 267 266 265 265 264 263 262 261 260 258 257 256 255 254 253 252 249 246 243 240 235 230 223 216 210 205 195 188 181 173 180 196 195 201 209 217 223 231 235 242 247 252
135 120 116 126 148 167 178 187 194 196 206 211 217 220 235 239 243 244 248 250 252 254 257 258 259 261 263 263 264 265 266 265 266 265 266 266 267 267 267 267 267 267 267 267 267 267 267 267 267 265 265 264 263 261 260 258 258 256 255 254 252 251 250 247 244 243 238 233 226 221 216 210 203 194 192 191 182 197 207 206 216 221 224 234 238 244 247 250
120 100 112 124 147 161 174 184 189 201 208 213 216 228 230 229 237 242 246 248 251 253 255 257 258 261 262 264 264 265 266 265 266 266 266 267 267 267 267 267 268 268 267 268 267 267 268 268 267 267 265 264 263 263 261 259 259 257 256 254 254 251 251 249 247 245 239 235 230 227 222 216 210 206 204 201 202 208 213 215 220 224 228 230 239 244 249 251
118 77 95 122 135 151 167 171 189 196 203 208 219 223 221 224 237 240 242 246 248 251 254 256 259 261 262 263 264 265 265 266 264 265 267 266 267 268 268 267 268 268 268 268 268 268 268 268 268 267 267 266 264 263 262 261 260 258 256 256 254 253 251 250 248 245 242 237 235 230 227 221 217 215 213 214 216 217 221 222 225 228 233 234 241 246 249 253
128 101 85 114 132 151 169 177 186 190 200 210 216 217 218 229 232 237 241 244 248 249 253 255 258 261 262 263 264 264 265 265 265 265 265 266 266 266 268 268 268 268 268 269 268 268 268 268 268 268 268 267 266 264 264 262 261 259 257 256 255 254 254 252 249 245 245 241 237 234 231 227 224 222 218 222 223 224 226 226 230 233 237 240 243 246 252 254
131 113 98 122 135 153 163 174 188 194 199 207 213 218 225 231 243 244 239 244 246 250 249 255 256 258 262 263 263 264 265 265 266 265 266 266 267 267 268 269 269 268 268 268 269 268 269 269 269 269 269 268 267 266 265 263 261 259 257 257 255 254 254 251 250 248 246 244 241 237 234 232 230 231 228 226 229 228 230 233 235 237 242 244 246 250 253 255
146 129 116 123 137 157 174 178 183 199 202 210 211 220 224 229 230 235 239 244 246 249 250 253 256 258 261 263 264 264 265 265 266 266 266 267 267 268 268 269 269 268 268 269 269 270 269 269 269 269 268 269 268 266 265 263 263 261 259 258 257 255 254 254 251 250 248 246 244 244 239 237 238 233 235 234 237 235 235 236 241 243 245 247 251 252 255 252
151 148 125 128 148 167 178 184 193 202 208 211 215 218 221 230 236 236 242 244 249 251 254 254 255 258 261 262 263 264 264 266 267 266 267 268 268 268 268 270 269 268 268 269 269 270 269 269 269 269 268 269 269 268 264 263 262 261 260 258 258 256 255 254 253 252 251 248 247 246 244 243 241 241 241 240 242 241 240 241 244 247 248 251 254 255 256 258
162 150 143 141 155 164 167 175 191 205 210 213 214 219 225 228 233 237 241 244 247 250 251 252 256 256 260 261 263 263 264 266 267 267 268 269 268 268 269 270 270 269 268 269 269 270 269 269 269 268 268 270 269 268 266 265 263 262 261 260 259 257 257 255 255 254 252 251 250 249 248 246 245 245 245 244 244 245 244 245 248 250 253 253 255 256 257 261
158 157 158 155 164 172 179 181 201 209 211 216 218 225 225 230 233 238 241 245 247 249 251 253 255 258 259 262 265 264 265 266 267 268 268 268 270 268 268 270 270 270 270 269 270 269 270 269 269 268 269 271 269 268 267 266 264 264 262 261 260 259 258 257 257 256 254 253 252 251 251 249 250 250 248 247 248 249 249 249 250 252 254 256 258 259 260 261
158 163 167 165 166 170 185 191 196 208 210 215 222 221 232 227 233 237 239 244 249 250 252 254 257 259 259 262 266 266 266 267 268 268 269 268 269 269 270 270 271 271 270 270 269 269 270 269 270 269 272 272 271 270 268 267 266 265 263 263 261 260 260 258 257 256 256 254 255 254 253 253 253 253 253 251 252 253 252 252 253 255 256 258 259 261 262 263
163 161 169 174 167 178 185 194 201 208 213 217 223 227 229 231 232 237 242 246 248 252 254 254 258 258 263 264 266 266 267 267 267 268 268 269 270 270 271 270 271 270 270 270 269 270 270 272 271 271 272 273 269 269 268 267 266 266 264 263 262 262 260 260 259 257 257 257 257 256 255 255 255 255 255 256 255 255 255 253 255 256 258 261 261 262 263 264
165 168 172 177 179 182 173 201 205 208 213 222 228 226 231 236 234 241 243 245 250 252 254 256 257 260 261 262 263 264 266 267 267 268 269 269 269 270 271 272 272 272 271 271 271 271 271 273 273 273 275 274 270 271 268 266 267 267 266 265 265 263 263 260 260 260 259 259 258 257 257 258 257 257 257 257 257 257 257 257 258 258 259 260 263 264 265 265
173 174 176 179 182 185 189 200 206 213 215 221 229 236 234 234 242 240 247 246 249 252 254 255 257 260 261 262 263 265 266 267 268 269 270 270 270 271 271 272 273 273 273 272 272 272 273 274 275 275 276 275 273 272 272 269 269 269 267 267 265 265 263 262 263 262 261 260 260 260 259 259 258 259 259 259 259 259 259 259 260 260 262 263 264 265 266 267
176 175 176 180 184 189 194 199 205 209 212 220 223 233 236 241 238 242 245 251 250 252 254 254 256 258 260 260 264 266 267 268 269 270 270 271 272 272 272 273 273 273 274 274 272 273 274 275 276 276 276 275 273 273 272 271 270 270 269 268 267 266 265 265 264 263 262 261 261 261 261 260 259 260 260 261 261 260 260 261 263 263 262 264 265 266 267 267
174 174 173 176 181 186 190 198 204 210 215 223 224 228 235 237 245 246 245 254 255 253 253 253 259 260 262 266 267 266 267 267 270 270 271 272 272 267 272 273 274 274 274 275 275 275 275 276 276 274 276 276 273 273 272 272 271 271 271 269 268 269 268 267 266 265 264 263 263 263 262 262 261 262 262 262 262 262 262 262 263 263 265 266 267 267 268 269
166 168 168 171 171 180 185 194 202 205 216 221 225 229 233 229 236 243 250 254 255 255 255 255 261 263 264 268 269 266 265 256 268 270 271 272 267 265 267 274 274 274 275 275 276 276 276 276 276 277 277 276 273 273 273 272 273 273 271 271 270 269 268 268 267 267 266 265 264 263 263 263 261 262 263 263 263 263 264 264 265 266 267 267 268 268 269 270
164 161 164 162 171 172 176 185 196 205 213 218 223 225 227 233 235 242 246 247 250 256 257 257 260 264 265 269 270 269 266 269 270 271 273 273 273 271 275 274 276 275 275 276 277 277 277 278 276 277 277 274 273 273 273 273 274 272 273 272 271 271 271 270 268 269 267 266 266 265 265 265 264 263 264 264 265 264 265 265 266 268 268 269 269 270 271 271
179 165 153 161 161 162 162 172 185 205 211 212 218 224 228 232 238 242 245 248 251 252 256 261 263 266 268 269 271 272 272 272 273 273 274 274 274 275 274 276 276 276 276 277 277 278 278 278 277 278 277 275 273 274 275 275 273 270 274 273 273 271 271 271 270 268 269 268 267 267 266 266 266 266 265 266 265 266 266 268 268 269 269 270 271 271 272 272
169 158 149 146 150 145 152 163 174 196 207 211 218 225 230 236 236 240 245 249 251 254 257 257 264 266 270 271 272 273 273 274 274 274 275 275 275 275 276 275 277 277 277 278 277 278 278 278 279 279 279 277 277 277 275 277 277 275 275 275 274 274 271 272 271 270 270 268 269 268 268 267 266 266 266 267 267 267 267 268 269 270 270 271 272 273 273 273
145 145 130 123 124 130 145 165 181 191 204 214 220 227 231 233 239 242 247 250 252 256 257 259 259 265 269 272 273 274 275 276 276 275 275 276 276 276 276 277 277 277 278 278 278 278 278 279 280 279 280 280 278 277 277 278 277 277 276 274 275 274 274 273 273 272 271 271 271 270 268 266 268 267 267 267 267 268 270 271 271 271 272 273 273 274 274 274
144 131 117 93 94 116 140 160 177 195 204 215 222 228 234 235 244 246 251 254 256 257 258 259 262 267 267 273 274 274 275 277 277 275 275 275 276 277 277 278 278 277 278 278 278 277 279 279 280 280 280 280 280 279 280 278 277 277 274 270 270 274 274 273 268 262 266 265 265 259 260 262 259 265 267 268 268 266 268 271 272 272 273 273 274 274 275 275
142 137 105 76 80 102 144 163 181 197 207 215 223 226 235 240 245 249 253 256 260 259 260 262 263 263 266 270 275 276 276 278 277 277 274 277 277 278 278 278 279 278 280 279 279 280 281 281 281 281 281 282 282 280 280 279 278 279 277 273 272 274 270 266 266 261 264 262 262 261 261 260 259 261 267 263 265 266 267 270 271 270 274 275 275 275 276 276
150 136 114 103 114 124 149 163 190 201 210 218 227 231 235 239 241 252 253 258 261 263 263 265 267 269 269 272 276 277 278 278 276 277 277 277 278 278 278 279 279 279 279 279 280 281 281 281 282 282 281 281 281 281 280 280 279 279 277 273 274 271 271 270 266 266 266 268 264 265 266 265 266 265 266 263 264 264 265 265 267 266 273 275 276 276 277 277
155 147 137 134 140 151 164 182 199 213 211 225 231 237 238 244 253 256 256 260 265 267 265 267 269 272 273 275 276 277 278 278 277 278 277 277 277 277 279 279 280 280 280 280 281 281 281 282 284 283 281 281 281 282 281 281 281 279 277 274 276 275 274 273 272 273 272 271 268 268 269 270 270 266 264 262 260 262 264 264 268 270 272 275 275 276 277 278
165 163 156 156 163 164 180 195 206 214 224 227 237 243 248 254 257 260 258 262 265 268 269 270 273 275 276 278 276 277 278 280 279 280 279 279 273 275 277 280 281 280 281 281 283 283 283 284 284 283 283 282 283 282 282 282 283 280 282 279 281 280 277 277 276 275 274 275 275 271 270 273 274 271 257 262 262 263 260 263 266 267 270 271 273 274 276 279
178 172 168 176 180 180 191 203 213 219 231 236 242 249 252 256 260 262 260 266 269 274 271 272 276 276 277 279 279 279 280 280 283 281 280 277 276 275 275 278 281 282 282 282 284 284 283 284 283 283 283 283 283 283 282 282 285 285 284 283 279 277 278 276 275 271 272 275 278 276 278 271 275 274 272 275 273 266 265 259 263 262 264 268 263 266 267 277
193 188 188 190 192 198 196 211 219 228 236 243 248 252 257 261 263 266 266 270 272 275 274 274 277 277 277 280 282 282 281 282 284 282 280 280 277 274 274 280 272 278 283 284 285 285 283 283 283 282 282 282 284 284 284 282 285 284 283 283 278 273 276 275 273 274 272 278 279 280 281 274 276 278 279 278 274 275 275 274 270 274 269 276 274 273 270 265
197 197 200 197 204 211 217 218 226 228 242 248 252 257 260 263 266 269 271 273 275 278 279 280 278 277 278 280 284 284 284 282 287 286 285 280 278 273 274 272 281 282 284 285 285 286 285 283 283 283 283 284 286 285 285 283 286 286 287 286 279 275 275 273 269 273 273 268 276 273 278 280 273 273 281 279 278 279 279 279 280 282 279 278 280 282 282 282
203 203 208 215 212 218 223 225 232 236 244 252 256 260 263 266 270 272 274 275 277 278 283 281 281 278 280 285 285 287 289 291 290 291 288 282 284 274 271 274 280 280 284 285 285 287 286 285 285 286 285 287 286 286 288 287 288 287 288 286 283 278 281 268 269 275 277 272 279 274 279 285 278 279 283 281 281 282 284 284 284 282 283 283 284 284 283 282
207 208 212 221 223 223 231 233 238 244 252 256 261 265 267 270 273 275 277 278 278 278 283 283 284 281 284 288 287 289 291 291 292 293 291 288 294 291 285 269 273 278 285 287 287 286 288 287 286 285 285 286 287 288 289 287 288 289 288 281 283 280 284 278 276 279 283 278 280 281 283 287 286 285 285 286 285 285 284 285 285 284 284 285 286 286 284 283
212 212 223 230 230 231 236 238 245 250 257 264 264 269 271 273 275 278 280 281 281 282 288 285 295 288 296 294 294 287 295 294 295 294 291 295 297 294 279 278 280 279 285 287 286 288 287 286 289 289 285 289 289 288 289 289 288 289 285 283 285 284 284 287 286 284 286 284 288 287 288 288 288 287 288 287 287 286 286 286 285 283 283 285 286 286 286 285
