bio_5_recortado.asc
ncols        993
nrows        435
xllcorner    -105.258332676891
yllcorner    17.591666858876
cellsize     0.008333333771
NODATA_value -9999
[rows 78 to 116 of 435, columns 440 to 527 of 993]
324 324 324 324 324 324 325 325 325 325 325 324 324 324 324 323 323 323 324 325 325 324 324 324 323 323 323 321 321 318 322 324 323 323 323 323 323 322 322 322 321 320 320 320 320 319 319 318 318 318 317 317 316 316 316 315 315 314 314 313 313 312 312 311 311 310 310 310 309 309 309 309 309 309 308 308 308 309 309 309 309 309 310 310 310 310 -9999 -9999
324 324 324 324 324 325 325 325 325 325 325 325 325 325 325 325 325 325 321 325 325 325 324 322 322 322 324 324 324 324 324 324 323 323 323 323 323 322 323 321 320 320 321 320 320 320 320 319 318 318 317 317 317 316 316 315 315 314 314 313 313 312 312 311 311 310 310 310 309 309 309 310 308 308 308 308 309 309 309 309 309 309 310 310 310 310 -9999 -9999
324 324 324 324 324 325 325 325 325 325 325 325 325 325 325 324 325 325 325 325 325 325 324 324 324 324 324 324 324 324 324 324 323 323 323 323 323 323 322 321 320 321 320 321 319 320 319 319 318 319 318 317 317 317 316 315 315 314 314 313 313 312 312 312 311 311 310 310 310 309 309 309 309 309 308 308 309 309 309 309 309 310 310 310 310 310 -9999 -9999
324 324 324 324 325 325 325 325 325 325 325 325 325 325 324 325 325 325 325 325 326 325 325 325 324 324 324 324 324 324 324 324 324 323 323 324 324 323 323 322 321 321 321 320 319 319 319 319 317 318 318 317 318 317 316 315 315 314 314 314 313 313 312 312 311 311 311 310 310 310 309 309 309 309 309 309 309 309 309 309 309 310 310 310 310 310 310 -9999
324 324 324 324 325 325 325 325 325 325 325 325 325 326 326 326 326 326 326 326 326 326 326 326 326 325 325 325 325 325 324 325 325 324 324 324 324 324 321 321 321 320 319 321 321 321 320 320 319 319 319 318 318 317 316 316 315 315 315 314 313 313 312 312 311 311 311 310 310 310 309 309 309 309 310 310 310 310 309 309 310 310 310 310 310 311 311 311
324 324 324 324 325 325 325 325 325 325 325 325 325 326 326 326 326 326 326 326 326 326 326 326 326 326 325 325 325 325 324 325 325 324 324 324 324 324 322 321 321 321 320 321 321 321 320 320 320 319 317 317 316 316 316 316 315 316 314 314 313 313 313 312 312 311 311 311 310 310 310 309 309 309 310 310 310 310 309 310 310 310 310 310 310 311 311 311
324 324 324 324 325 325 325 325 325 325 325 325 326 326 326 326 326 326 326 326 326 326 326 326 326 326 325 325 324 323 323 324 325 324 324 324 324 324 323 321 322 321 322 321 321 321 320 316 318 319 319 314 312 314 316 316 316 315 314 314 314 313 313 312 312 311 311 311 310 310 310 309 309 310 309 309 309 309 310 310 310 310 310 310 310 310 310 310
324 324 324 324 325 325 325 326 326 325 325 326 326 326 326 326 326 326 326 326 326 326 326 326 326 326 326 325 323 321 323 324 324 322 324 324 324 323 323 321 323 322 322 321 321 321 321 316 319 319 319 319 318 313 316 317 316 315 315 314 314 313 313 312 312 312 311 311 310 310 310 310 309 309 309 309 309 309 310 310 310 310 310 310 310 310 310 310
324 324 324 325 325 326 326 326 326 326 327 327 327 326 326 326 326 326 326 326 326 326 326 326 326 326 326 325 324 321 323 324 324 324 324 324 324 324 323 323 323 322 322 322 321 321 321 320 320 320 319 319 318 318 315 317 317 315 315 314 314 313 313 312 312 312 311 311 311 310 310 310 309 309 309 309 309 310 310 310 309 310 310 310 310 310 310 310
325 324 323 325 326 326 326 326 327 327 327 327 327 327 327 326 326 325 325 327 326 326 326 326 326 326 326 325 325 325 324 325 324 324 324 325 324 324 323 323 323 322 322 322 321 321 320 320 320 320 319 319 318 318 318 317 317 315 315 315 314 313 313 313 312 312 311 311 311 310 310 310 309 309 309 309 309 309 310 308 308 309 309 309 309 310 310 310
325 325 324 325 325 326 326 326 327 327 327 327 327 327 326 325 325 324 325 326 327 326 326 326 326 326 326 325 325 325 325 325 325 324 323 323 325 323 323 323 323 322 322 322 321 321 320 320 320 320 319 319 319 318 318 317 316 315 315 314 314 313 313 313 312 312 311 311 311 310 310 310 309 309 309 309 309 308 308 307 308 307 309 307 307 308 309 309
325 325 325 326 325 326 326 326 327 327 327 327 327 327 327 325 326 324 324 324 326 326 326 326 326 326 326 326 325 325 325 325 326 324 325 323 324 323 323 324 322 322 321 321 322 321 321 320 320 320 319 319 319 318 318 317 316 315 316 315 314 313 312 312 312 312 311 311 311 310 310 310 309 309 309 309 308 307 306 305 304 305 305 305 305 307 307 307
325 326 326 326 325 325 325 326 327 327 326 326 326 325 325 325 324 323 322 323 323 324 325 326 326 326 326 326 325 325 326 326 326 324 325 324 324 324 324 321 323 322 321 321 321 320 322 321 321 320 319 319 319 318 318 316 317 317 315 315 314 313 312 313 312 312 311 311 310 310 310 309 309 309 309 309 308 307 304 301 300 303 303 302 303 303 305 304
326 326 326 326 326 326 327 327 327 326 325 325 322 318 324 323 324 321 317 315 319 322 325 327 327 327 327 326 325 325 326 326 326 325 325 325 324 324 323 321 317 316 319 320 321 321 322 321 321 320 320 319 319 318 318 317 317 317 315 315 314 314 313 313 312 312 311 311 310 310 310 309 309 309 309 308 308 306 303 297 297 299 298 300 300 300 302 302
326 326 326 326 326 327 325 326 324 322 321 320 319 318 318 320 320 318 311 307 317 322 323 327 327 327 327 327 326 326 326 326 326 325 325 325 324 323 321 317 316 315 318 319 320 321 322 322 321 320 320 319 319 318 318 317 317 316 315 315 314 314 313 313 312 312 311 311 310 310 310 309 309 309 308 308 307 305 302 298 297 287 296 296 296 295 295 296
326 326 326 326 326 326 320 319 316 318 321 320 319 317 316 320 322 322 315 317 321 324 326 327 327 327 327 327 326 326 326 326 325 325 325 325 324 324 323 314 317 316 319 320 321 321 322 322 321 320 320 319 319 318 318 317 317 316 315 315 314 314 313 313 312 312 311 311 308 310 309 309 309 309 308 307 305 303 298 297 295 292 293 291 289 288 286 287
326 326 326 326 326 325 319 313 312 312 317 319 319 318 318 322 323 325 323 325 325 326 327 327 327 327 327 327 326 326 326 326 325 325 325 324 324 324 323 320 322 324 321 322 322 322 322 322 321 320 319 319 319 318 318 317 316 316 316 315 314 314 313 312 312 311 310 310 310 309 308 309 309 307 308 307 305 303 300 295 292 290 287 288 285 280 279 281
326 326 326 326 326 324 318 313 309 307 314 317 320 320 319 324 324 325 326 327 327 327 327 327 327 327 327 326 326 326 326 326 325 325 325 324 324 323 324 324 323 323 322 322 322 322 322 321 321 320 319 320 319 318 318 317 317 316 315 314 314 313 312 312 312 310 310 309 309 309 309 309 307 307 307 306 305 302 299 294 290 286 280 278 275 275 275 277
327 327 327 326 326 322 318 304 299 303 308 315 318 320 321 322 324 324 327 327 327 327 327 327 327 327 327 326 326 326 326 325 325 325 324 324 324 323 323 323 323 323 323 322 322 322 322 321 321 321 320 320 319 318 318 317 317 316 315 314 314 313 313 312 311 310 310 309 310 309 308 308 303 305 305 306 304 301 298 292 288 283 277 273 271 268 271 273
327 327 326 326 325 321 313 300 295 298 300 309 318 319 319 322 322 325 327 327 327 327 327 327 327 327 326 326 326 326 326 325 325 324 324 324 324 323 323 323 323 323 322 322 322 322 322 321 321 321 320 319 318 318 318 317 317 315 315 314 314 313 313 311 310 310 309 309 308 308 308 306 303 304 306 306 304 302 299 293 286 283 277 273 273 267 270 272
327 327 326 325 324 323 318 302 309 300 301 315 318 321 320 322 325 327 328 327 327 327 327 327 327 328 326 326 326 326 325 325 325 324 325 323 324 324 323 322 323 322 322 322 322 321 322 321 321 320 320 319 319 318 317 317 316 315 314 314 313 313 311 311 310 310 309 309 308 308 307 307 308 306 306 305 305 303 301 295 289 284 279 277 275 270 272 276
327 327 326 326 325 323 323 322 309 304 305 310 315 323 325 325 325 327 327 327 327 327 328 326 328 327 326 326 325 326 325 325 324 325 323 322 322 323 323 323 324 323 322 322 321 320 321 321 320 320 320 319 319 318 317 317 315 316 314 314 313 312 311 310 310 309 309 308 308 307 307 307 306 306 307 305 305 304 302 297 292 288 283 281 279 276 278 279
327 328 327 327 327 325 325 326 316 316 320 320 323 325 326 327 326 326 327 328 327 327 328 326 326 326 326 326 325 324 325 325 325 325 324 323 322 323 323 320 322 323 322 320 317 320 321 320 320 320 320 318 318 317 317 316 316 314 314 313 313 311 311 310 310 309 308 308 307 307 307 306 306 306 305 305 304 304 302 299 295 291 287 286 280 282 280 287
327 327 327 328 328 328 327 328 327 326 327 326 326 326 327 328 328 327 328 328 328 328 327 325 326 327 326 327 323 324 323 325 325 324 324 323 322 323 321 319 321 321 317 317 318 320 321 321 320 320 319 319 318 317 317 316 316 315 314 312 312 311 310 310 309 309 308 308 307 307 306 306 305 305 304 304 304 304 303 301 299 295 293 291 289 287 289 291
328 327 329 329 329 329 329 329 329 329 328 327 327 327 327 328 328 328 328 328 328 327 326 324 322 324 325 325 324 324 325 325 325 325 322 322 323 322 318 316 316 320 317 317 318 321 319 317 319 319 318 318 318 317 316 316 314 314 309 308 308 310 310 309 309 308 308 307 307 306 306 305 304 302 296 300 301 302 302 302 301 299 297 296 295 291 294 294
328 328 329 329 329 329 329 329 329 329 329 328 328 326 328 327 328 328 328 328 327 324 323 321 317 321 324 325 324 324 325 325 324 322 320 320 322 321 320 317 315 313 313 312 318 321 315 316 316 318 318 318 318 317 316 315 314 310 308 304 307 308 309 309 308 308 307 307 306 306 305 301 288 281 276 286 292 298 301 301 301 301 300 299 298 298 297 298
329 329 329 329 329 329 329 329 329 329 329 329 328 328 328 328 328 328 328 328 326 323 320 317 313 317 320 325 325 325 325 324 324 321 321 320 321 319 316 316 314 312 307 307 306 313 312 305 313 310 306 310 315 316 315 313 311 309 308 306 307 309 308 309 308 307 307 306 306 306 303 295 277 265 257 267 281 293 297 300 301 302 301 301 300 299 300 299
329 329 329 329 329 329 329 329 329 329 329 329 328 328 328 328 328 328 327 325 325 324 320 318 314 317 321 324 325 324 323 322 322 321 320 318 319 318 314 312 310 308 307 304 306 308 310 305 309 305 301 311 316 316 315 314 312 310 308 307 308 310 309 309 308 307 306 306 305 306 299 290 273 250 245 259 278 292 300 302 302 302 302 302 302 301 300 300
329 329 329 329 329 329 329 329 329 329 329 329 328 328 328 328 328 327 324 324 323 323 319 313 316 319 322 324 324 323 322 321 319 319 315 314 313 311 308 306 304 303 305 306 305 318 313 312 311 313 315 315 315 315 315 311 308 309 309 307 308 309 309 308 307 307 306 306 305 305 299 295 278 267 266 271 283 298 300 302 301 303 302 302 303 302 301 301
329 329 329 329 329 329 329 329 329 329 329 328 328 328 328 328 327 327 326 323 323 323 321 316 316 321 324 324 323 322 322 319 316 313 311 308 304 303 297 297 295 297 298 302 301 300 316 313 313 314 314 315 315 313 311 304 298 296 302 310 311 309 309 308 307 306 306 305 306 305 301 296 288 283 281 286 297 300 301 301 301 302 302 302 303 303 302 302
329 329 329 329 329 329 329 329 329 329 329 329 328 328 328 327 327 327 325 324 324 324 323 323 322 323 322 323 321 321 318 316 314 310 307 304 298 294 287 290 293 293 293 295 301 305 309 313 313 314 315 315 314 312 310 300 288 290 297 307 309 309 308 308 306 306 305 305 304 305 303 299 296 295 298 300 301 302 301 301 301 303 302 303 303 303 303 302
329 329 329 329 329 329 329 329 329 329 328 328 328 328 328 326 327 327 327 322 324 324 323 322 323 322 321 321 321 320 318 317 311 305 305 300 296 287 277 290 291 288 286 281 295 303 306 309 310 314 314 315 313 312 312 303 301 297 304 307 310 308 308 307 306 305 306 305 304 305 303 299 298 299 301 302 302 302 302 302 303 302 303 303 303 302 300 301
329 329 329 329 329 329 329 329 329 329 328 328 328 326 322 321 326 325 325 325 324 323 322 320 321 322 321 321 320 320 318 316 314 310 306 302 295 289 282 292 291 288 280 294 293 293 296 297 307 313 315 315 314 313 313 310 303 300 302 310 308 308 307 307 306 306 305 304 304 304 304 302 301 302 302 302 301 301 302 302 302 303 303 303 303 300 300 303
329 329 329 330 330 330 329 329 329 328 328 328 329 328 328 323 323 324 324 323 323 322 321 320 319 319 321 321 320 320 320 318 316 313 308 305 300 296 292 295 293 294 301 295 300 298 289 293 310 311 315 315 314 314 312 312 307 300 306 309 308 307 307 306 306 305 305 304 304 304 304 303 303 302 302 302 302 301 302 301 301 302 302 301 301 301 301 302
329 330 330 330 330 330 329 329 329 328 328 329 328 328 327 327 325 322 322 319 317 318 315 314 313 312 316 319 319 318 319 318 317 314 312 309 307 303 304 303 297 304 304 306 308 306 302 303 309 312 315 314 314 312 312 311 311 310 310 308 307 307 306 306 305 305 305 303 304 304 303 302 303 303 302 302 301 302 302 301 302 301 301 301 301 302 302 302
327 329 329 330 330 330 330 329 328 328 328 329 328 327 325 324 320 320 318 315 314 309 303 306 305 305 310 317 318 319 319 318 317 317 315 312 312 310 308 307 309 309 308 311 312 313 315 309 313 315 315 314 313 312 311 311 310 310 309 307 307 307 306 305 305 305 304 304 304 303 302 303 303 302 301 301 301 302 302 301 301 301 301 301 301 302 302 302
319 326 328 330 330 330 330 328 328 328 329 329 326 326 322 319 317 316 313 312 306 303 295 290 291 296 306 313 317 318 317 317 317 318 317 315 315 314 314 314 316 315 315 316 316 314 316 315 316 315 314 314 313 313 312 310 310 309 309 308 307 307 306 305 305 304 304 304 303 303 303 302 302 301 301 302 302 301 301 301 301 301 302 302 302 302 302 301
319 329 330 330 330 330 328 328 329 329 329 326 325 323 321 318 316 313 311 306 299 297 294 286 285 295 301 308 310 312 308 311 319 321 320 319 318 315 316 315 317 318 317 317 317 316 317 317 316 315 314 313 313 312 312 310 309 309 308 307 307 307 305 305 304 304 304 303 303 303 302 302 302 301 302 302 302 301 301 301 302 301 301 301 301 301 301 301
324 330 330 330 328 328 329 329 329 329 329 327 323 323 319 315 312 310 308 304 296 294 292 283 289 296 304 306 301 303 299 306 314 320 321 319 319 317 313 317 319 319 318 317 318 317 317 316 315 314 314 313 313 312 310 310 309 308 308 307 307 306 306 305 304 304 303 303 303 302 302 302 302 302 302 302 302 300 301 301 300 300 300 300 300 300 300 301
