bio_6_recortado.asc
ncols        993
nrows        435
xllcorner    -105.258332676891
yllcorner    17.591666858876
cellsize     0.008333333771
NODATA_value -9999
[rows 84 to 125 of 435, columns 96 to 191 of 993]
70 70 71 72 72 71 70 69 71 71 70 70 68 70 72 73 72 72 70 70 67 64 62 59 62 61 60 60 68 71 73 74 74 74 68 70 75 78 77 78 78 78 80 79 79 80 79 80 79 79 80 81 81 81 82 82 82 81 81 81 81 81 81 82 81 81 81 81 82 82 82 82 82 82 82 82 81 81 75 77 77 74 74 66 51 52 54 59 65 65 65 66 67 66 68 69
69 70 70 70 71 70 69 67 65 68 66 66 68 69 72 72 70 72 71 70 68 62 60 61 62 65 63 64 62 69 64 69 74 74 70 65 70 72 76 78 78 77 77 79 79 79 80 80 80 81 79 80 79 80 81 82 82 81 82 82 82 82 82 82 82 82 81 82 82 82 82 81 81 82 82 82 82 82 81 80 78 78 77 72 63 54 55 57 63 66 65 66 67 68 70 70
71 71 71 71 69 69 69 69 68 63 62 66 68 69 69 73 72 72 72 72 71 70 65 65 66 65 65 65 69 73 66 62 67 70 68 62 63 67 76 75 76 77 79 78 78 79 79 79 80 80 79 80 80 81 80 82 81 81 82 82 81 82 82 81 82 81 80 80 82 82 81 82 82 82 82 83 82 82 82 80 78 77 78 74 61 62 55 61 65 67 65 66 68 70 70 71
70 70 70 69 71 69 69 68 66 62 61 64 68 61 64 71 72 70 72 71 66 63 63 63 63 64 62 64 65 64 68 61 60 64 69 58 56 62 71 73 75 76 77 77 78 78 79 79 81 79 79 80 81 80 80 81 81 81 81 81 81 82 81 81 81 81 80 81 82 82 82 82 83 82 83 83 82 82 82 79 78 76 76 77 73 68 62 62 67 65 67 67 68 70 70 71
68 69 69 68 68 68 67 66 66 63 61 67 66 63 66 71 71 72 71 70 68 65 65 62 61 62 61 59 59 59 63 59 52 58 63 53 53 61 65 67 73 73 77 76 77 78 79 80 79 79 79 79 80 81 82 80 82 81 81 81 81 82 81 81 81 81 81 81 82 82 82 82 82 82 83 83 82 81 80 78 76 77 75 76 75 73 68 65 64 65 67 66 67 69 70 71
70 71 70 67 67 68 67 64 63 61 62 61 63 62 64 69 70 69 70 67 66 61 62 59 55 62 60 58 57 56 56 54 48 50 56 52 54 58 59 62 59 69 75 75 77 77 81 79 79 79 79 80 80 81 81 81 82 82 81 81 81 81 81 82 81 81 81 81 81 82 82 82 82 82 83 83 82 81 79 76 73 73 70 73 74 73 73 66 65 64 67 68 68 69 71 72
71 70 68 68 68 69 69 69 63 62 61 59 62 65 65 67 64 63 67 66 60 56 56 53 54 58 58 55 55 55 55 51 44 40 41 51 52 61 66 69 71 69 73 75 77 79 78 78 78 79 79 79 80 80 81 81 81 81 81 82 82 82 81 81 81 81 82 82 81 82 82 81 82 82 82 83 82 82 80 78 74 69 69 72 74 73 73 71 67 65 66 67 67 67 69 71
70 69 68 69 69 69 68 67 62 60 57 56 58 55 58 60 60 58 66 66 62 57 57 60 57 59 61 57 57 55 55 46 39 37 33 52 59 63 66 69 69 72 74 76 74 74 80 77 76 76 79 79 80 80 80 80 80 81 81 81 82 82 82 81 82 81 81 82 82 82 82 82 82 82 82 82 82 82 81 81 79 75 72 75 76 75 74 73 66 64 66 68 69 68 69 69
73 71 69 70 70 69 69 67 67 64 57 54 54 55 56 56 56 61 62 56 62 60 64 66 66 63 64 61 56 55 56 51 44 37 39 50 56 61 62 65 66 68 72 75 77 76 76 77 73 75 78 78 80 79 78 80 80 80 81 81 82 82 82 82 82 82 81 82 82 82 82 82 82 82 82 83 82 82 82 81 82 81 79 79 78 75 74 74 73 71 73 77 76 74 69 68
71 69 70 70 69 70 68 67 66 59 56 52 54 53 53 54 54 55 58 53 54 55 60 66 69 67 67 61 60 63 59 59 53 47 47 47 50 47 55 62 66 66 73 75 75 76 77 75 74 75 76 76 77 77 79 77 79 79 80 81 81 81 82 82 82 82 82 82 83 82 82 82 82 82 82 83 83 82 82 83 82 81 79 79 78 74 71 74 75 74 74 76 76 77 68 70
71 71 71 70 69 70 68 67 65 58 57 54 54 55 52 55 55 53 55 50 49 56 59 61 70 68 70 68 64 66 60 61 59 57 53 46 42 45 53 52 58 61 66 69 73 75 76 77 70 70 71 71 70 69 68 74 78 77 80 81 81 81 82 81 82 82 82 82 82 82 82 82 82 82 82 83 83 83 82 83 81 80 77 78 78 78 78 76 78 76 76 75 77 77 77 72
72 71 70 71 70 69 66 64 66 64 60 55 54 53 52 55 56 53 49 46 47 55 57 67 70 71 70 71 68 67 67 64 60 59 55 46 44 45 46 48 50 53 59 64 66 70 73 75 65 56 56 61 57 59 66 72 74 76 78 81 80 79 81 81 81 82 82 82 82 82 82 83 82 82 83 82 83 83 83 82 83 81 77 79 79 76 74 77 77 74 74 71 77 77 77 77
73 71 70 71 66 67 67 68 65 63 57 56 50 54 52 53 55 53 52 54 56 57 60 62 66 71 72 70 63 58 61 63 60 61 61 55 48 50 47 49 52 52 53 58 64 66 71 75 70 54 52 53 51 53 63 69 74 78 78 79 79 78 82 82 81 82 82 82 82 82 82 82 82 82 82 83 83 83 83 83 83 81 79 80 80 79 76 73 75 66 66 70 77 77 77 78
72 72 72 72 69 69 70 68 63 58 54 53 53 55 60 58 59 56 59 60 63 63 67 67 67 70 73 72 71 67 62 60 59 63 62 58 54 49 52 53 53 54 55 55 62 66 65 66 72 61 54 53 52 55 61 72 77 78 80 80 80 82 82 81 81 82 81 82 82 82 82 82 82 82 82 82 82 83 83 83 83 82 82 81 80 78 78 76 77 68 69 72 77 78 77 77
73 72 71 71 70 70 71 69 65 58 55 57 57 58 60 58 58 60 62 59 65 70 69 72 71 70 73 75 73 71 70 64 64 67 62 62 52 51 52 54 54 54 55 54 55 58 59 67 67 62 61 66 68 67 71 76 76 79 81 81 81 81 81 81 81 81 82 82 82 83 82 82 82 82 82 82 82 83 83 83 83 82 82 81 79 76 78 77 76 72 75 74 74 76 78 78
70 71 71 71 71 71 69 64 58 54 52 53 57 61 63 61 64 65 57 60 69 70 71 73 73 71 72 75 77 72 72 68 71 67 66 64 56 50 54 55 55 56 55 53 55 56 59 64 59 64 63 68 71 73 73 75 77 79 79 80 81 82 80 81 81 82 82 83 82 82 82 82 83 82 82 82 82 83 81 83 82 80 79 79 80 79 79 77 78 76 74 73 73 74 79 79
71 70 70 70 68 67 65 57 52 49 49 52 54 61 65 68 67 62 57 66 71 71 73 75 75 71 72 75 76 73 74 71 71 71 68 68 57 51 56 56 56 58 56 54 55 56 58 57 60 61 63 66 68 65 65 70 71 76 78 80 80 80 81 81 82 82 82 82 82 82 82 82 82 83 82 81 81 80 81 81 79 75 74 77 75 79 78 77 78 78 76 75 74 75 76 76
73 70 67 68 66 64 61 59 47 48 47 52 58 63 65 69 68 66 64 70 73 74 73 73 76 70 70 78 76 75 76 72 75 73 70 67 63 59 57 58 59 56 56 56 55 55 56 58 60 59 56 62 60 58 57 65 66 72 74 80 79 79 79 80 80 82 81 81 81 81 82 80 80 82 82 81 81 79 79 79 78 74 72 72 76 78 78 78 78 78 76 76 76 73 79 79
71 71 70 66 65 63 58 51 51 48 47 53 59 67 67 70 71 68 67 71 71 76 75 73 77 74 72 79 77 76 75 72 71 73 71 68 62 59 58 57 60 56 55 56 55 55 55 58 58 57 55 56 57 57 58 57 63 70 78 77 72 78 78 81 81 81 82 80 80 81 81 80 80 80 81 81 81 80 78 79 78 74 69 71 73 77 78 78 78 78 78 76 76 75 79 79
66 67 69 68 67 63 57 51 51 52 49 53 59 66 69 71 73 71 70 69 71 73 73 77 79 76 77 79 75 71 71 68 66 72 71 66 60 64 61 64 60 57 55 56 57 56 56 55 55 55 57 56 53 54 58 58 65 69 73 71 72 71 76 78 79 80 82 79 79 78 79 77 79 80 81 80 80 80 77 77 74 74 71 73 74 77 78 78 78 78 78 78 78 78 79 79
65 66 68 67 65 61 50 50 53 53 52 51 60 66 69 70 73 69 75 75 75 73 76 75 80 80 80 76 68 68 67 63 64 68 70 68 65 65 59 57 56 55 55 56 55 54 55 53 54 52 55 54 52 53 54 53 55 64 74 64 68 64 76 77 76 76 77 78 77 71 78 72 69 78 77 79 78 79 79 76 71 73 74 74 75 78 78 77 78 77 77 78 78 79 79 79
64 61 65 68 65 51 52 53 53 53 43 46 56 63 70 72 69 70 71 72 72 76 73 74 78 80 78 71 67 69 71 64 64 65 70 69 68 59 59 58 56 53 55 55 55 54 55 54 53 50 52 51 51 51 51 51 55 65 63 62 68 63 65 67 71 72 77 73 71 67 65 66 65 71 68 77 74 75 79 76 73 75 75 76 76 77 77 77 77 75 77 78 77 78 79 79
62 59 63 66 61 56 50 54 54 51 47 48 56 64 69 70 70 68 68 70 71 73 74 75 76 75 74 74 73 71 74 66 64 67 68 70 68 62 57 57 55 49 54 55 55 53 52 52 49 47 47 46 46 44 49 50 49 57 58 66 56 55 56 60 64 68 71 71 70 62 59 64 69 66 70 77 74 73 78 78 76 76 76 76 76 75 75 77 77 77 78 77 77 77 79 79
58 58 59 61 54 54 52 54 54 48 50 55 61 66 68 70 68 66 67 70 70 71 72 74 76 71 72 76 76 75 72 69 66 67 67 71 69 61 58 60 54 53 55 54 54 53 51 50 48 46 45 43 41 40 44 45 47 45 55 63 55 55 53 57 60 63 65 66 65 63 59 60 69 66 72 73 72 74 72 72 76 76 76 75 75 75 75 73 77 77 77 77 76 78 78 79
61 61 60 59 49 48 52 54 56 52 56 60 64 67 69 69 65 66 69 69 71 72 72 75 77 79 82 77 75 73 73 68 67 66 67 72 68 62 64 61 60 57 55 53 55 53 52 50 47 47 45 44 40 37 43 44 42 43 53 57 54 51 54 55 58 61 62 63 59 53 52 57 61 60 68 69 70 71 68 63 76 76 75 75 73 74 74 73 71 72 76 74 77 77 77 79
62 63 65 60 51 52 52 53 53 59 64 64 65 65 68 73 67 72 71 71 71 73 72 77 80 77 82 80 81 76 75 77 72 69 69 74 69 65 62 59 59 56 54 53 51 53 52 50 47 46 47 46 42 43 45 47 45 51 57 56 50 50 53 56 58 58 60 59 51 48 46 48 48 53 61 64 71 68 65 67 74 73 73 73 72 71 70 72 69 68 70 70 72 75 76 77
68 67 61 60 54 53 50 55 50 56 65 66 69 69 73 78 72 72 73 73 74 74 76 79 81 82 82 85 84 80 81 79 74 72 74 77 70 63 59 56 55 54 54 52 51 52 51 53 50 49 47 45 42 42 44 54 66 61 65 64 60 53 52 56 59 59 61 61 52 49 49 52 49 48 57 64 67 66 66 71 74 72 70 70 69 69 68 69 70 62 53 66 67 72 74 77
65 64 65 60 56 54 52 55 54 57 62 62 62 64 74 79 77 77 77 76 74 76 77 77 78 81 85 85 85 83 85 82 77 72 75 69 66 60 57 53 54 52 52 51 53 55 55 54 53 51 47 46 43 46 53 63 71 70 75 72 72 63 56 60 61 61 63 62 58 53 59 55 51 46 53 60 63 53 63 68 71 65 66 67 67 64 64 64 65 59 52 64 69 72 74 76
61 63 65 60 57 56 56 54 56 59 62 63 65 66 74 70 73 74 79 78 77 78 78 81 81 84 86 83 82 82 81 77 73 73 69 69 66 61 58 56 53 52 54 56 51 54 59 57 55 55 55 58 52 50 61 67 74 77 83 81 80 73 65 62 61 62 63 63 62 59 59 52 50 46 46 57 58 52 56 62 69 62 65 62 62 57 61 62 63 59 53 57 60 67 72 73
65 65 66 61 61 59 56 55 55 57 60 57 65 71 67 70 73 78 81 82 84 79 76 80 84 86 86 86 85 83 80 81 80 76 73 70 65 64 64 65 55 56 65 59 56 60 67 63 58 64 66 72 66 60 69 71 80 81 85 73 74 70 69 63 63 63 63 65 63 56 57 53 48 45 45 46 48 43 48 57 60 54 54 56 49 54 54 56 53 61 56 47 52 67 70 72
69 69 58 57 58 56 55 54 51 55 53 52 61 75 75 75 79 79 85 84 86 81 82 81 82 86 88 87 86 85 83 82 82 81 73 72 66 70 68 63 58 68 78 68 72 69 74 70 68 75 78 81 85 72 79 83 85 87 79 75 72 71 69 68 66 65 64 64 61 53 52 52 49 49 45 44 44 44 46 54 54 55 50 46 48 45 47 49 46 56 58 50 59 65 67 70
64 62 57 56 58 55 54 53 58 59 58 56 61 68 74 77 81 81 85 84 86 84 85 84 86 87 88 86 84 84 84 84 83 81 78 76 69 70 68 55 57 73 88 80 78 79 83 86 89 84 84 90 90 88 76 86 84 81 84 77 78 75 75 74 76 71 67 65 64 61 55 48 50 53 48 49 47 46 43 45 44 44 47 48 46 42 40 39 42 53 53 57 61 57 63 68
61 62 58 59 56 58 55 55 56 59 60 65 66 68 72 76 81 79 81 84 86 87 86 85 88 86 83 81 81 85 84 84 83 78 73 74 64 63 57 50 59 80 89 89 83 83 88 90 92 88 89 91 92 93 92 90 86 88 91 81 79 78 77 79 77 71 67 61 65 59 46 45 52 55 54 48 49 46 46 46 46 49 51 47 42 42 40 41 48 52 51 61 51 55 59 65
62 62 60 62 59 60 57 57 58 62 64 64 70 72 74 76 83 82 84 84 86 84 83 83 84 81 82 81 82 84 85 84 84 81 80 73 68 68 60 50 59 78 86 85 90 85 90 92 91 94 94 93 92 91 94 87 89 93 87 86 83 83 83 75 73 67 72 73 72 64 50 44 45 56 57 53 55 49 53 49 52 53 46 44 43 44 43 44 44 48 57 54 49 55 63 65
64 65 62 62 62 60 60 58 58 63 64 66 71 75 78 80 81 86 87 87 82 81 81 82 83 81 80 82 81 83 85 85 86 86 84 78 77 79 68 61 55 61 65 72 84 92 93 93 95 95 95 95 94 95 94 92 89 94 91 90 88 90 89 84 72 64 64 77 75 62 54 45 50 57 59 56 58 53 57 43 49 57 49 45 46 44 46 43 43 50 51 46 45 46 53 63
62 64 65 65 63 64 63 62 58 60 67 72 75 79 80 81 82 86 83 83 81 76 77 80 80 78 80 79 79 82 85 84 86 86 85 84 80 80 75 68 66 56 65 80 90 95 95 95 95 96 96 96 96 96 95 95 95 95 93 91 91 93 91 84 70 58 65 78 78 69 63 52 56 62 57 59 61 58 60 51 55 50 51 49 46 45 44 42 44 43 39 39 39 43 55 59
64 65 65 65 66 67 67 66 65 62 62 64 78 81 84 81 84 85 82 79 77 71 74 75 77 78 81 79 75 83 83 81 85 87 86 86 86 85 82 75 73 74 70 82 93 95 95 95 96 96 97 96 95 96 96 95 96 95 93 92 94 94 85 81 76 64 61 69 78 73 70 70 66 63 56 58 64 62 62 59 49 50 44 44 42 41 40 40 39 41 39 38 39 41 48 53
66 66 65 66 66 68 69 68 66 63 63 63 73 78 82 86 88 85 82 76 73 71 75 77 76 80 81 80 77 81 73 81 85 87 86 87 86 85 84 81 91 88 88 93 95 96 95 96 96 96 97 97 97 96 96 95 95 95 95 95 94 93 91 90 63 61 62 63 73 80 76 76 71 62 59 60 63 64 63 59 55 55 48 42 41 41 40 40 39 39 39 39 38 38 40 44
67 68 69 69 66 66 70 70 68 68 70 69 75 81 87 88 86 85 83 80 76 77 76 79 81 82 81 80 82 83 84 83 86 88 88 88 86 81 72 86 93 91 90 95 96 96 96 96 96 97 98 98 96 96 97 96 96 95 93 94 92 92 92 86 67 64 68 73 79 77 69 70 63 62 63 63 66 66 62 59 54 48 42 42 41 41 40 39 39 39 38 38 38 37 37 37
65 68 69 67 65 66 68 72 68 67 72 75 80 83 86 88 86 84 84 82 80 79 79 81 81 83 79 81 81 86 86 87 86 88 88 87 85 84 78 92 94 90 89 95 96 96 96 97 96 97 98 98 97 97 96 96 92 92 91 89 91 86 88 77 66 67 87 79 79 79 70 63 56 55 58 65 68 66 61 57 54 49 42 41 42 40 41 40 39 39 38 37 36 37 37 37
66 65 71 66 67 67 70 71 69 76 76 79 81 82 85 88 86 84 85 84 82 81 81 81 83 83 83 82 81 83 83 87 88 89 87 88 87 86 82 94 95 94 94 96 96 97 97 97 97 97 98 98 98 98 96 95 88 84 89 86 90 88 83 77 80 88 83 83 69 69 60 61 57 53 59 63 68 64 61 57 50 44 41 40 41 41 40 40 39 38 38 37 36 37 35 37
66 65 70 67 67 72 69 75 74 76 78 77 83 84 88 88 87 86 85 85 83 82 82 84 84 84 83 83 83 83 83 86 88 89 88 87 86 83 85 84 94 96 97 96 97 97 97 98 97 97 98 99 97 96 95 94 83 80 90 74 86 87 81 86 88 90 88 81 73 61 57 58 64 59 63 73 70 66 56 47 42 42 41 41 41 41 40 40 39 40 39 37 34 37 35 36
