bio_14_recortado.asc
ncols        993
nrows        435
xllcorner    -105.258332676891
yllcorner    17.591666858876
cellsize     0.008333333771
NODATA_value -9999
[rows 250 to 299 of 435, columns 864 to 959 of 993]
7 7 7 8 8 7 8 8 7 7 7 7 7 7 7 7 7 7 7 7 7 7 7 7 7 6 6 6 6 6 6 6 6 6 6 5 5 5 5 5 5 5 5 5 5 5 5 4 4 4 4 4 4 4 4 4 6 8 5 4 4 4 4 4 4 4 4 4 5 5 5 5 5 5 6 6 6 7 7 7 8 8 11 17 15 18 20 21 23 25 28 31 32 33 34 32
7 7 7 7 7 7 7 7 7 7 7 8 8 8 8 8 7 7 7 7 7 7 7 7 7 7 6 6 6 6 6 6 6 6 6 6 5 5 5 5 5 5 5 5 5 5 5 4 4 4 4 4 4 4 4 4 5 4 4 4 4 4 4 4 4 4 4 4 5 5 5 5 5 5 6 6 6 7 7 7 8 9 11 14 17 17 19 19 22 25 26 30 32 34 34 32
7 7 7 7 7 7 7 7 7 8 8 8 8 8 8 8 8 8 7 7 7 7 7 7 7 7 6 6 6 6 6 6 6 6 6 6 5 5 5 5 5 5 5 5 5 5 5 4 4 4 4 4 4 4 4 4 4 4 4 4 4 4 4 4 4 4 4 4 5 5 5 5 5 5 6 6 6 7 7 8 9 12 14 16 17 18 21 22 23 24 27 30 30 33 34 34
8 8 8 8 8 8 8 8 8 8 8 8 8 8 8 8 8 8 7 7 7 7 7 7 7 7 6 6 6 6 6 6 6 6 6 6 5 5 8 7 5 5 5 5 5 5 4 4 4 4 4 4 4 4 4 4 4 4 4 4 4 4 4 4 4 4 5 4 5 5 5 5 5 6 6 6 7 7 8 8 9 14 18 17 17 19 21 23 25 26 29 33 35 33 35 33
8 8 8 8 8 8 8 8 8 8 8 8 8 8 8 8 8 8 7 7 7 7 7 7 7 6 6 6 6 6 6 6 6 6 6 6 5 6 8 6 7 7 5 5 5 4 4 4 4 4 4 4 4 4 4 4 4 4 4 4 4 4 4 4 4 5 5 4 5 5 5 5 5 6 6 6 7 7 8 8 10 11 14 18 19 21 23 26 30 30 30 34 36 35 35 32
8 8 8 8 8 9 8 9 8 9 9 8 8 8 8 8 8 8 8 7 7 8 7 7 7 7 6 6 6 6 6 6 6 6 6 6 5 5 7 5 5 5 6 5 5 4 4 4 4 4 4 4 4 4 4 4 4 4 4 4 4 4 4 4 4 4 5 4 5 5 5 5 5 6 6 6 7 8 9 9 11 12 14 17 18 21 22 25 28 30 32 32 33 34 36 35
7 7 7 8 8 8 8 8 8 8 8 8 8 8 8 8 8 8 8 8 7 7 7 7 7 7 7 6 6 6 6 6 6 6 6 6 5 5 6 5 5 5 5 5 5 4 5 4 4 4 4 4 4 4 4 4 4 4 4 4 4 4 4 4 4 4 4 4 5 5 5 5 5 6 6 6 7 8 9 10 11 12 15 17 18 20 22 24 27 29 32 35 35 35 35 36
7 7 7 7 7 7 7 7 8 7 7 8 8 8 8 8 8 8 8 8 7 7 7 7 7 7 7 6 6 6 6 6 6 6 6 6 5 5 5 5 5 5 5 5 5 5 5 5 5 4 4 4 4 4 4 4 4 4 4 4 4 4 4 4 4 4 4 4 5 5 5 5 5 6 6 7 7 9 10 11 12 13 15 17 19 20 23 24 27 30 32 35 36 37 38 38
6 7 7 7 7 7 7 7 7 7 7 7 7 7 8 8 8 8 8 8 8 7 7 7 7 7 7 6 6 6 6 6 6 6 6 6 6 5 5 5 5 5 5 5 5 4 4 4 5 4 5 4 4 4 4 4 4 4 4 4 4 4 4 4 4 4 4 4 4 5 5 5 5 6 6 7 7 9 10 11 13 14 17 18 19 21 23 26 28 31 34 35 37 39 39 37
6 6 6 6 6 6 7 7 7 7 7 7 7 7 8 8 8 8 8 8 8 7 7 7 7 7 7 6 6 6 6 6 6 6 6 6 6 5 5 5 5 5 5 5 5 4 4 4 5 7 5 4 4 4 4 4 4 4 4 4 4 4 4 4 4 4 4 4 4 5 5 5 5 5 6 7 8 9 10 12 13 15 17 18 20 22 23 25 29 31 34 37 38 40 42 42
6 6 6 6 6 6 6 6 7 7 7 7 7 7 7 8 8 8 8 7 7 7 7 7 7 7 7 6 6 6 6 6 6 6 6 6 6 5 5 5 5 5 5 5 5 4 4 4 5 6 6 4 7 6 4 4 4 4 4 4 4 4 4 4 4 4 4 4 4 4 5 5 5 5 6 6 9 9 10 12 13 15 17 18 20 22 25 27 30 32 35 37 39 42 47 46
6 6 6 6 6 6 6 6 7 7 7 7 7 7 7 7 8 8 8 8 8 7 7 7 7 7 7 6 6 6 6 6 6 6 6 6 6 5 5 5 5 5 5 5 5 4 4 4 4 5 7 4 5 6 4 4 4 4 4 4 4 4 4 4 4 4 4 4 4 4 5 5 5 5 6 7 8 9 10 11 14 16 17 18 20 22 25 27 30 33 36 39 42 48 53 49
8 6 6 6 6 7 6 6 7 7 7 7 7 7 7 7 8 8 8 8 7 7 7 7 7 7 7 6 6 6 6 6 6 6 6 6 6 6 5 5 5 5 5 5 5 5 4 4 4 4 4 5 5 4 5 4 4 4 3 3 3 4 4 4 4 4 4 4 4 4 5 5 5 5 6 6 7 10 10 12 14 15 17 18 20 23 24 30 33 34 36 39 44 50 57 53
8 7 6 7 6 7 6 6 7 7 7 7 7 7 7 7 8 8 8 7 7 7 7 7 7 7 7 6 6 6 6 6 6 6 6 6 6 6 5 5 5 5 5 5 5 5 4 4 4 4 4 5 4 4 7 6 5 4 3 3 3 3 3 4 4 4 4 4 4 4 4 5 5 5 5 7 8 9 11 15 14 17 18 19 20 23 27 30 33 36 37 40 44 47 48 49
6 6 6 7 7 7 7 7 7 7 7 7 7 7 7 7 7 8 7 7 7 7 7 7 7 7 7 6 6 6 6 6 6 6 6 6 6 6 6 5 5 5 5 5 5 5 4 4 4 4 4 4 4 4 4 4 7 6 4 3 3 3 3 3 3 4 4 4 4 4 4 5 5 5 5 8 9 9 11 12 14 15 18 19 23 24 28 32 35 36 40 39 41 43 45 44
6 6 7 8 8 8 8 7 7 7 7 7 7 7 7 7 7 8 7 7 7 7 7 7 7 7 6 6 6 6 6 6 6 6 6 6 6 6 6 5 5 5 5 5 5 5 4 4 4 4 4 4 4 3 4 4 4 5 6 4 3 3 3 3 3 3 4 4 4 4 4 5 5 5 5 7 8 8 10 11 13 16 18 20 23 26 29 31 34 36 38 38 39 41 42 40
6 6 8 8 8 8 8 8 7 7 7 7 7 7 7 7 8 7 7 7 7 7 7 7 7 7 6 6 6 6 6 6 6 6 6 6 6 6 6 5 5 5 5 5 5 5 5 4 4 4 4 4 3 3 3 3 4 4 7 8 3 3 3 3 3 3 3 4 4 4 4 4 5 5 5 6 7 9 11 14 14 17 18 20 22 25 28 33 35 37 36 37 37 38 39 39
6 6 6 6 6 7 7 8 8 8 8 8 8 8 8 8 8 7 7 7 7 7 7 7 7 7 6 6 6 6 6 6 6 6 6 6 6 6 6 6 5 5 5 5 5 5 4 4 4 4 4 3 3 3 3 3 4 4 6 7 8 3 3 3 3 3 3 4 4 4 4 4 5 5 5 6 8 9 10 12 15 16 17 18 20 23 28 33 38 42 36 35 36 37 38 36
6 6 6 6 6 6 6 7 7 7 7 7 7 7 8 8 8 8 7 7 7 7 7 7 7 6 6 6 6 6 6 6 6 6 6 6 6 6 6 5 5 5 5 5 5 5 4 4 4 4 4 3 3 4 3 3 3 4 6 6 8 4 3 3 3 3 3 3 4 4 4 4 5 5 5 5 6 8 9 12 13 15 17 18 19 21 26 32 37 38 37 35 33 33 34 32
6 6 6 6 6 6 6 6 7 7 7 7 7 7 7 7 8 7 7 7 7 7 7 7 7 6 6 6 6 6 6 6 6 6 6 6 6 6 6 5 5 5 5 5 5 5 4 4 4 4 3 3 4 5 5 4 4 4 6 7 8 5 3 3 3 3 3 3 4 4 4 4 4 5 6 6 6 6 8 10 12 13 14 16 18 21 25 28 32 34 34 32 31 31 33 30
6 6 6 6 6 6 6 6 6 7 7 7 7 7 7 7 7 7 7 7 7 7 7 7 6 6 6 6 6 6 6 6 6 6 6 6 6 6 5 5 5 5 5 5 5 5 5 4 4 4 4 3 3 3 3 4 8 5 5 7 4 6 4 3 3 3 3 3 3 4 4 4 5 6 6 5 5 7 12 11 12 11 13 15 17 19 23 26 28 30 29 28 29 27 27 27
6 6 6 6 6 6 6 6 6 7 7 7 7 7 7 7 7 7 7 7 7 7 7 6 6 6 6 6 6 6 6 6 6 6 6 6 6 6 5 5 5 5 5 5 5 5 5 4 4 4 4 4 3 3 3 3 3 4 4 4 3 5 4 3 3 3 3 3 3 3 4 4 5 6 6 6 5 8 12 10 10 11 13 14 16 18 20 22 26 25 26 25 26 24 23 23
6 6 6 6 6 6 6 6 6 7 7 7 7 7 7 7 7 7 7 7 7 7 7 6 6 6 6 6 6 6 6 6 6 6 6 6 6 5 5 5 5 5 5 5 5 5 4 4 4 4 4 4 3 3 3 3 4 9 6 3 3 4 4 3 3 3 3 3 3 3 3 4 4 4 5 5 5 7 9 7 9 11 13 12 15 16 17 19 20 22 23 23 23 22 20 21
6 6 6 6 6 6 6 6 6 6 7 7 7 7 7 7 7 7 7 7 6 6 6 6 6 6 6 6 6 6 6 6 6 6 6 6 5 5 5 5 5 5 5 5 5 5 4 4 4 4 4 4 3 3 3 3 3 3 4 3 3 3 6 3 3 2 2 3 2 3 3 4 4 4 4 5 5 5 7 6 7 10 12 11 13 13 16 17 18 19 21 22 22 21 20 19
6 6 6 6 6 6 7 7 7 7 7 7 7 7 7 7 7 7 7 6 6 6 6 6 6 6 6 6 6 6 6 6 6 6 6 5 5 5 5 5 5 5 5 5 5 4 4 4 4 4 4 4 3 3 3 3 3 2 5 6 3 2 4 3 2 2 2 2 2 2 2 2 3 4 3 4 4 4 5 5 7 8 8 9 10 12 16 17 18 19 20 20 20 20 19 18
6 6 6 6 6 6 6 7 7 7 7 7 7 7 7 7 6 6 6 6 6 6 6 6 6 6 6 6 6 6 6 6 6 6 5 5 5 5 5 5 5 5 5 4 4 4 4 4 4 4 4 4 3 3 3 3 3 4 6 6 3 2 2 3 2 2 2 2 2 2 2 2 2 3 3 3 4 4 5 5 6 6 7 7 9 10 14 15 17 19 18 19 19 19 18 -9999
6 6 6 6 6 6 6 7 7 6 7 7 7 7 7 7 6 6 6 6 6 6 6 6 6 6 6 6 6 6 6 6 6 5 5 5 5 5 5 5 5 5 4 4 4 4 4 4 4 4 4 4 3 3 3 3 2 3 3 3 4 2 2 2 2 2 2 2 2 2 2 2 2 2 3 3 3 4 4 4 4 5 6 7 7 11 13 13 13 17 17 18 18 18 -9999 -9999
6 6 6 6 6 6 6 6 6 7 7 7 7 6 7 7 7 6 6 6 6 6 6 6 6 6 6 6 6 6 6 5 5 5 5 5 5 5 5 4 4 5 5 4 4 4 4 4 4 4 4 4 3 3 3 3 2 2 2 2 2 3 2 2 3 2 2 2 2 2 2 2 2 2 2 2 3 4 3 3 4 5 5 6 7 10 9 11 12 15 16 17 17 -9999 -9999 -9999
6 6 6 6 6 6 6 6 6 6 7 7 6 6 6 7 7 6 6 6 6 6 6 6 6 6 6 6 5 5 5 5 5 5 5 5 5 5 5 4 4 5 5 4 4 4 4 4 4 4 4 3 3 3 3 3 3 3 3 2 2 2 2 2 2 2 2 2 2 2 2 2 2 2 2 2 2 4 3 3 3 4 5 5 6 7 9 11 11 13 14 15 16 -9999 -9999 -9999
6 6 6 6 6 6 6 6 6 6 6 6 6 6 6 6 6 6 6 6 6 6 6 6 6 6 5 5 5 5 5 5 5 5 5 5 5 5 5 5 5 5 4 4 4 4 4 4 4 4 4 3 3 3 3 3 3 3 3 3 2 2 2 2 2 2 1 1 1 1 1 1 2 2 2 2 2 2 2 2 3 3 4 4 5 6 7 9 11 14 14 16 16 -9999 -9999 -9999
6 6 6 6 6 6 6 6 6 6 6 6 6 6 6 6 6 6 6 6 6 6 6 5 5 5 5 5 5 5 5 5 5 5 5 5 5 5 5 5 5 4 4 3 3 3 3 4 4 4 3 3 3 3 3 3 3 3 3 2 2 2 2 2 2 2 1 1 1 1 1 1 1 1 2 2 2 2 2 2 2 3 3 4 5 5 7 10 12 12 15 15 -9999 -9999 -9999 -9999
6 6 6 6 6 6 6 6 6 6 6 6 6 6 6 6 6 6 6 6 5 5 5 5 5 5 5 5 5 5 5 5 5 5 5 5 5 5 5 5 5 4 4 4 5 4 3 3 3 3 3 3 3 3 3 3 3 3 3 2 2 2 2 2 2 1 2 1 1 1 1 1 1 1 1 1 2 2 2 2 2 2 3 3 4 5 7 10 14 13 12 12 -9999 -9999 -9999 -9999
5 6 6 6 6 6 6 6 6 6 6 6 6 6 6 6 6 6 5 5 5 5 5 5 5 5 5 5 5 5 5 5 5 5 5 5 5 5 5 5 5 4 4 3 3 4 3 3 3 3 3 3 3 3 3 3 3 3 3 2 2 2 2 2 2 2 1 1 1 1 1 1 1 1 1 1 1 2 2 2 2 2 2 3 3 4 5 11 13 11 11 7 -9999 -9999 -9999 -9999
5 5 5 5 5 6 6 6 6 6 6 6 6 6 6 6 5 5 5 5 5 5 5 5 5 5 5 5 5 5 5 5 5 5 5 5 5 5 5 5 5 5 4 4 3 3 4 5 3 3 3 3 3 3 3 3 3 3 2 2 2 2 2 2 2 2 1 2 1 1 1 1 1 1 1 1 1 2 2 2 2 2 2 3 3 3 7 10 10 10 11 9 -9999 -9999 -9999 -9999
6 5 5 5 5 6 5 6 6 6 6 5 5 5 5 5 5 5 5 5 5 5 5 5 5 5 5 5 5 5 5 5 5 5 5 5 5 5 5 5 5 4 4 4 3 3 3 6 3 3 3 3 3 3 3 3 3 2 2 2 2 2 2 2 2 2 2 1 1 1 1 1 1 1 1 1 1 2 2 2 4 2 2 2 3 3 4 6 6 9 10 8 -9999 -9999 -9999 -9999
5 5 5 5 5 5 5 5 6 5 6 5 5 5 5 5 5 5 5 5 5 5 5 5 5 5 5 5 5 5 5 5 5 5 5 5 5 5 5 5 5 4 4 4 3 3 3 3 5 4 3 2 2 2 2 2 2 2 2 2 2 2 2 2 2 2 2 2 2 2 1 1 1 1 1 1 1 2 2 2 2 5 5 5 2 3 3 4 5 7 9 8 -9999 -9999 -9999 -9999
5 5 5 5 5 5 5 5 5 5 5 5 5 5 5 5 5 5 5 5 5 5 5 5 5 5 5 5 5 5 5 5 5 5 5 5 5 5 5 5 5 5 4 4 4 3 3 3 3 4 4 4 2 2 2 2 2 2 2 2 2 2 2 2 2 2 2 2 2 2 2 1 1 1 1 1 2 2 2 2 2 5 6 7 5 4 3 4 4 5 6 10 -9999 -9999 -9999 -9999
5 5 5 5 5 5 5 5 5 5 5 5 5 5 5 5 5 5 5 5 5 5 5 5 5 5 5 5 5 5 5 5 5 5 5 5 5 5 5 5 5 4 4 4 4 4 3 3 3 2 5 5 2 2 2 2 2 2 2 2 2 2 2 2 2 2 2 2 2 1 1 1 1 2 1 1 2 2 2 2 2 5 5 6 6 6 6 4 5 10 13 15 -9999 -9999 -9999 -9999
6 6 6 6 6 6 5 5 5 5 5 5 5 5 5 5 5 5 5 5 5 5 5 5 5 5 5 5 5 5 5 5 5 5 5 5 5 5 5 5 5 4 4 4 4 3 3 3 3 3 3 3 5 3 3 2 2 2 2 2 2 2 2 2 2 2 2 2 2 2 1 1 2 3 2 1 2 2 2 2 2 3 5 6 5 4 4 4 5 5 13 13 -9999 -9999 -9999 -9999
7 7 6 6 6 6 6 5 5 5 5 5 5 5 5 5 5 5 5 5 5 5 5 5 5 5 5 5 5 5 5 5 5 5 5 5 5 5 5 5 5 4 4 4 4 4 3 3 3 3 2 2 2 4 2 2 2 2 2 2 2 2 2 2 2 2 2 2 2 2 1 1 2 2 3 2 2 2 2 3 3 3 4 5 5 5 4 4 5 11 12 11 -9999 -9999 -9999 -9999
6 7 7 7 6 6 6 5 5 5 5 5 5 5 5 5 5 5 5 5 5 5 5 5 5 5 5 5 5 5 5 5 5 5 5 5 5 5 5 5 5 4 4 4 4 4 3 3 3 3 2 2 2 5 4 3 2 2 2 2 2 2 2 2 2 2 2 2 2 2 1 1 2 2 3 2 2 2 3 3 2 3 3 5 6 5 4 4 9 12 11 11 -9999 -9999 -9999 -9999
6 7 7 7 7 7 6 6 5 5 5 5 5 5 5 5 5 5 5 5 5 5 5 5 5 5 5 5 5 5 5 5 5 5 5 5 5 5 5 5 4 4 4 4 4 4 4 3 3 3 3 2 2 3 6 6 4 2 2 2 2 2 2 2 2 2 2 2 2 2 2 1 2 3 3 2 2 2 3 3 2 4 4 4 6 5 4 7 12 12 12 13 -9999 -9999 -9999 -9999
5 6 6 6 6 6 7 6 6 6 6 5 5 5 5 5 5 5 5 5 5 5 5 5 5 5 4 4 4 4 4 5 4 4 4 4 4 4 4 4 4 4 4 4 4 4 4 3 3 3 3 2 2 2 2 2 2 4 4 3 2 2 2 2 2 2 2 2 2 2 2 2 2 2 4 2 2 3 3 3 3 3 4 4 5 6 6 6 6 7 7 11 -9999 -9999 -9999 -9999
4 4 4 4 5 5 6 6 6 6 6 6 5 5 5 5 4 5 5 5 5 5 5 5 5 5 4 4 4 4 4 4 4 4 4 4 4 4 4 4 4 4 4 4 4 4 4 3 3 3 3 2 2 2 2 2 2 2 3 2 2 2 2 2 2 2 2 2 2 2 2 2 2 3 3 2 2 3 3 3 3 3 3 5 5 7 10 10 8 9 7 7 -9999 -9999 -9999 -9999
4 4 4 4 4 4 4 5 6 6 6 6 5 5 5 5 5 5 5 5 5 5 5 5 5 5 4 4 4 4 4 4 4 4 4 4 4 4 4 4 4 4 4 4 4 4 4 4 3 3 3 3 2 2 2 2 2 2 3 5 2 2 2 2 2 2 2 2 2 2 2 2 2 2 2 2 3 3 3 3 3 4 4 5 5 8 10 9 8 6 12 13 -9999 -9999 -9999 -9999
4 4 4 4 4 4 4 4 5 5 5 6 5 5 5 5 5 4 5 5 5 5 5 5 5 5 4 4 4 4 4 4 4 4 4 4 4 4 4 4 4 4 4 4 4 4 4 4 3 3 3 3 2 2 2 2 2 2 2 3 5 3 3 2 2 2 2 2 2 2 2 2 2 2 2 3 3 3 3 3 3 4 4 5 8 7 9 8 8 11 12 11 -9999 -9999 -9999 -9999
4 4 4 4 4 4 4 4 4 4 5 5 5 5 5 5 4 5 5 5 5 5 5 5 5 5 5 4 4 5 4 4 4 4 4 4 4 4 4 4 4 4 4 4 4 4 4 4 3 3 3 3 3 2 2 2 2 2 2 2 2 4 2 2 2 2 2 2 2 3 3 3 2 3 3 3 4 4 3 3 3 4 4 5 6 7 8 8 6 11 11 10 9 -9999 -9999 -9999
4 4 4 4 4 4 4 4 4 4 5 5 5 5 4 4 4 5 5 5 5 5 5 5 5 5 5 5 5 5 5 4 4 4 4 4 4 4 4 4 4 4 4 4 4 4 4 4 4 3 3 3 3 2 2 3 2 3 3 2 2 2 2 2 2 2 2 2 2 3 3 3 3 3 3 4 4 4 3 4 4 4 5 5 5 7 6 6 8 11 11 9 9 -9999 -9999 -9999
3 4 4 4 4 4 4 4 4 5 5 4 4 4 4 4 4 4 4 5 5 5 5 5 5 5 5 5 5 5 5 4 4 4 4 4 4 3 3 4 4 4 4 4 4 4 4 4 4 3 3 3 3 2 2 2 3 6 5 2 2 2 2 2 2 2 3 4 2 2 3 3 3 3 3 4 4 4 4 4 4 4 4 5 6 5 6 9 9 10 9 9 9 10 -9999 -9999
3 3 3 3 3 4 4 4 4 4 5 4 4 4 4 4 4 4 4 4 4 4 4 5 4 5 5 5 5 5 5 5 5 5 4 4 4 4 4 4 4 4 4 4 4 4 4 4 4 3 3 3 3 3 2 2 2 4 7 4 3 2 2 2 2 2 4 5 3 2 3 3 3 4 4 4 4 4 4 4 4 5 5 5 5 5 9 9 8 8 8 8 9 9 -9999 -9999
