bio_5_recortado.asc
ncols        993
nrows        435
xllcorner    -105.258332676891
yllcorner    17.591666858876
cellsize     0.008333333771
NODATA_value -9999
[rows 117 to 155 of 435, columns 88 to 175 of 993]
292 289 287 278 270 270 273 277 280 280 277 279 275 277 272 272 274 280 284 284 293 295 298 302 310 310 312 312 315 312 309 310 311 308 307 307 309 312 313 311 313 308 306 298 291 291 281 267 281 306 317 317 332 319 331 339 336 344 344 343 341 338 346 331 335 345 332 328 323 325 324 310 307 298 306 308 308 296 280 273 275 289 289 286 288 282 286 283
290 280 282 278 275 274 275 276 282 283 280 279 279 276 275 273 273 282 283 287 294 299 303 307 309 314 317 317 308 307 307 308 308 307 307 308 307 310 312 313 315 315 311 304 303 305 291 285 274 283 288 297 315 335 340 341 346 347 347 347 347 348 347 340 334 347 340 339 333 337 335 326 305 294 295 314 312 293 285 273 281 289 292 289 291 285 292 275
282 279 275 273 273 276 278 276 278 283 284 283 282 282 281 280 274 275 288 295 300 304 306 309 309 314 310 309 307 302 301 305 305 304 305 303 305 308 312 312 315 314 313 312 307 307 300 291 289 277 289 308 328 341 343 346 347 348 348 348 348 348 348 348 347 347 345 339 342 344 341 326 302 286 296 314 315 303 295 283 288 296 289 291 294 292 294 286
281 281 274 273 271 275 278 278 282 282 284 283 284 286 286 284 285 279 280 283 304 309 312 308 312 312 308 305 300 293 298 300 301 303 306 304 300 309 309 308 312 314 314 313 314 313 309 300 298 299 293 310 334 341 344 346 347 348 348 348 348 348 348 348 348 347 342 343 346 345 328 318 311 293 290 301 317 308 305 304 299 295 288 291 298 296 295 293
274 273 271 271 269 272 274 280 284 284 284 285 285 287 289 288 286 281 279 280 297 302 309 314 317 313 308 300 295 292 299 301 300 305 307 304 301 306 297 306 312 314 313 315 314 313 312 308 326 319 319 334 342 343 345 346 347 347 348 349 349 348 348 348 346 348 347 347 345 343 341 336 292 290 291 294 308 319 313 313 306 295 290 293 297 300 297 293
278 271 268 271 271 273 276 277 286 287 289 288 285 286 290 289 287 289 291 290 297 306 317 318 314 311 308 304 300 301 300 303 307 308 305 305 306 309 310 308 312 315 316 316 314 308 295 314 330 323 322 340 343 344 346 347 346 348 349 349 348 348 348 348 348 346 343 345 339 341 341 327 297 293 300 308 316 313 301 305 295 293 296 297 300 299 295 292
274 264 265 277 275 276 281 280 282 287 289 285 282 286 287 292 286 285 293 299 304 310 314 318 313 311 309 306 304 302 303 305 305 308 303 305 305 311 313 313 314 316 316 315 313 311 303 325 334 322 320 338 344 345 345 346 346 347 347 349 347 348 346 345 339 337 336 331 338 327 333 311 295 297 330 317 317 316 304 295 286 285 289 298 302 300 295 290
277 271 270 279 277 278 281 282 282 281 290 284 285 285 289 291 288 298 300 303 305 309 311 318 313 311 310 309 306 304 305 305 307 308 307 306 306 307 308 315 316 316 315 316 314 314 308 330 336 331 331 341 342 345 346 346 346 347 347 348 347 348 346 342 327 319 331 323 334 328 321 311 317 332 322 323 300 301 290 291 288 284 289 296 302 297 292 290
274 276 281 285 282 282 280 282 282 282 289 285 286 292 288 297 295 300 300 300 309 310 318 318 314 312 310 309 307 306 306 308 308 308 307 307 307 307 308 311 314 317 316 315 314 308 313 312 328 339 342 341 343 344 346 346 346 347 348 348 347 346 345 340 317 310 333 302 324 328 316 326 332 335 331 319 306 291 285 287 296 290 295 308 304 301 289 278
262 267 273 288 288 288 281 282 285 285 290 286 293 297 287 287 291 300 301 303 306 313 318 311 312 311 308 307 307 308 307 305 305 304 307 309 309 308 309 311 315 317 317 312 309 304 315 318 311 329 336 339 342 344 344 346 346 346 348 347 347 345 343 339 318 309 320 295 308 316 303 329 334 339 330 327 317 301 290 295 308 298 305 302 300 289 279 269
258 266 273 280 283 288 292 291 282 286 297 290 290 296 293 295 300 301 305 305 306 309 318 310 307 308 308 307 308 304 302 304 305 303 306 310 308 310 311 312 315 317 314 310 309 310 317 325 307 305 325 311 339 342 345 345 346 346 347 345 344 344 342 339 316 312 298 290 305 314 292 325 335 315 329 334 325 296 310 304 316 313 305 303 297 288 277 270
262 271 276 278 283 281 290 288 285 290 296 289 295 296 296 301 305 306 309 312 313 311 317 313 308 308 309 308 308 307 303 303 309 307 311 310 311 315 316 315 316 317 316 312 311 318 329 328 327 317 315 317 338 343 344 346 346 345 345 343 344 341 336 325 300 305 295 284 292 288 289 320 316 320 322 327 320 323 322 315 303 309 300 302 294 284 273 268
267 273 280 271 274 288 292 295 298 296 295 291 296 302 299 303 306 311 314 315 315 315 318 311 311 311 309 307 309 311 308 309 309 309 313 315 314 316 316 316 316 316 313 311 313 322 332 335 337 336 337 339 341 345 344 346 346 344 342 342 341 339 329 329 317 298 293 291 286 303 293 327 326 326 322 309 299 299 297 292 294 305 297 295 297 291 281 267
280 287 285 276 272 282 285 292 284 289 296 300 292 303 302 305 310 310 312 315 316 317 318 314 311 311 313 309 311 308 309 309 311 311 316 311 313 309 310 312 315 314 309 308 309 319 316 314 334 340 341 342 344 345 344 345 348 343 341 340 340 333 323 312 315 293 282 305 305 327 317 336 327 322 317 300 293 290 289 289 295 299 301 296 290 287 278 271
281 284 286 287 278 281 282 279 278 286 288 297 305 304 305 305 307 309 308 297 309 315 315 318 316 318 315 310 315 308 311 309 315 308 305 302 309 309 310 311 308 313 302 306 313 320 320 314 319 334 336 342 340 342 346 346 347 343 340 340 339 335 326 299 298 281 292 318 329 329 335 337 339 328 307 299 294 290 289 292 297 295 308 303 296 282 268 262
286 287 280 290 296 287 284 282 277 274 283 289 290 305 307 306 303 306 301 286 278 296 306 312 318 319 315 314 316 318 317 317 311 310 303 313 306 302 311 310 312 317 316 314 318 321 310 312 315 313 335 337 339 338 343 341 347 343 341 338 337 334 326 302 298 293 299 320 337 343 343 341 340 323 302 297 294 292 292 294 292 296 300 297 298 286 277 268
287 292 290 287 286 303 299 288 288 291 284 287 295 308 309 307 306 302 292 279 284 292 308 314 317 319 319 319 317 317 316 308 305 310 316 318 317 313 322 318 318 320 319 319 320 321 320 322 318 311 337 339 337 337 341 343 347 342 340 336 334 329 325 306 303 305 316 317 337 342 332 338 331 319 307 301 293 293 294 295 294 292 292 286 291 294 281 276
277 295 300 299 296 302 295 284 283 301 300 295 296 306 313 306 302 303 297 291 292 304 304 313 318 319 317 314 318 316 316 315 306 315 323 322 321 320 321 323 323 322 324 324 321 323 321 316 309 326 336 337 338 339 339 342 346 345 336 335 332 328 313 304 306 333 331 334 338 345 334 326 318 308 302 296 295 295 296 296 295 292 286 285 282 291 286 277
289 293 285 290 300 301 300 291 289 287 290 295 305 313 312 299 300 294 297 295 306 311 309 309 317 317 316 313 309 314 314 315 322 321 324 325 324 325 325 325 323 325 324 323 323 323 319 316 308 321 333 336 338 337 337 335 341 342 337 335 333 326 312 306 315 324 337 346 340 335 330 321 303 291 307 300 297 297 293 293 293 289 282 279 278 282 284 281
283 289 281 279 287 296 308 302 298 295 294 294 290 307 314 310 303 304 304 294 300 305 312 313 315 317 319 314 311 311 310 313 322 323 325 325 325 321 319 320 316 310 308 322 321 319 317 321 328 332 333 336 332 332 335 332 335 341 336 332 331 321 315 312 313 321 337 347 335 331 315 308 281 292 297 294 292 294 292 292 289 286 282 278 279 280 282 282
260 269 269 272 276 293 302 300 311 308 303 300 289 285 291 291 309 314 308 304 298 296 306 314 315 315 318 316 315 315 310 309 320 325 325 325 322 311 305 307 304 299 293 312 321 316 315 315 309 328 332 330 327 326 326 330 331 337 332 330 329 318 320 313 320 324 322 344 337 324 317 310 287 297 294 291 292 294 294 294 294 288 285 283 281 280 280 277
276 263 264 265 278 287 291 285 297 312 306 300 302 295 290 296 298 308 316 314 308 305 305 315 317 318 317 317 314 312 311 309 323 325 325 325 321 316 298 297 294 291 298 311 319 297 317 314 314 322 331 330 329 327 322 327 330 333 336 330 329 318 321 319 325 326 325 343 337 335 323 324 298 294 291 291 291 297 297 295 291 288 287 285 282 277 271 272
294 287 284 281 294 299 304 296 297 301 313 305 296 299 305 306 308 311 312 315 314 315 315 317 317 320 317 313 315 314 314 312 323 324 324 321 317 313 306 285 281 293 307 311 309 309 314 314 314 322 334 333 334 329 330 333 335 333 331 330 319 313 324 324 331 327 343 334 324 333 333 321 313 300 294 294 302 302 293 293 290 289 286 287 278 273 264 267
293 298 301 305 301 309 306 306 309 313 312 315 296 298 298 305 312 313 313 314 313 312 319 318 320 319 321 317 316 312 304 317 323 324 319 318 308 308 304 303 302 306 308 308 301 309 314 314 314 315 332 329 337 330 333 335 336 334 333 332 324 331 324 318 341 350 339 327 323 327 328 316 313 307 304 306 302 287 292 294 288 285 288 288 281 276 268 261
279 290 304 306 298 302 312 313 312 315 316 319 318 320 312 307 309 309 317 317 314 315 318 322 320 319 320 321 314 310 308 321 323 318 316 308 301 304 303 307 304 307 310 313 299 308 313 314 311 309 317 315 318 339 336 338 343 335 333 325 336 332 320 324 344 349 341 330 319 318 326 327 317 312 312 305 292 282 290 294 288 281 284 286 280 274 268 252
290 295 295 285 291 301 308 307 300 308 313 316 316 313 313 317 317 302 308 304 318 319 318 316 325 320 320 319 303 303 315 323 323 313 304 300 293 300 304 307 306 309 312 316 315 310 307 315 312 313 314 322 326 329 340 342 348 347 334 330 338 337 333 336 349 336 333 319 306 311 319 319 304 294 290 283 282 284 289 292 293 283 279 277 278 270 256 246
295 293 279 275 284 296 304 299 285 298 308 316 312 311 314 323 323 312 312 311 314 318 323 320 324 318 323 321 312 323 323 323 318 316 308 294 287 294 304 306 308 304 304 315 315 312 311 319 317 314 313 334 333 328 327 343 349 345 337 336 347 338 341 352 347 341 333 296 294 294 307 313 294 297 284 276 281 280 286 289 285 280 278 274 274 270 254 246
291 287 286 287 288 293 306 300 297 306 310 310 308 311 319 323 324 322 324 318 318 319 318 317 327 325 325 322 322 321 321 322 322 320 312 298 285 288 304 302 309 304 302 309 309 319 319 323 325 314 326 334 334 326 328 345 349 -9999 -9999 -9999 -9999 -9999 -9999 -9999 340 329 321 286 277 281 284 305 311 298 285 276 277 278 286 283 284 278 277 272 270 258 257 259
275 285 295 295 299 303 297 300 303 301 306 308 313 316 320 321 315 325 326 320 322 323 322 314 326 322 318 316 318 322 322 322 321 320 319 306 295 308 310 306 310 311 308 306 301 306 295 315 325 328 335 333 335 336 334 340 335 -9999 -9999 -9999 -9999 -9999 -9999 338 337 327 296 284 282 286 284 291 303 296 281 275 277 273 280 283 280 276 275 269 264 257 259 265
260 275 287 295 299 298 288 301 304 300 302 304 313 314 312 313 314 319 321 319 324 325 326 322 326 318 315 309 319 321 321 321 314 306 312 310 290 307 311 311 311 309 307 300 296 289 290 306 310 322 329 325 325 333 346 340 342 337 -9999 -9999 -9999 -9999 328 327 331 321 296 282 286 286 282 281 292 286 272 275 273 271 272 280 281 276 271 266 255 252 261 267
268 271 283 279 297 286 279 295 304 307 300 297 311 304 297 310 315 325 326 327 326 325 321 319 316 308 304 311 314 314 320 320 319 309 300 295 303 311 314 312 311 308 305 301 302 299 306 307 309 320 330 319 319 330 342 350 347 353 -9999 -9999 -9999 -9999 322 313 309 307 281 282 283 285 287 283 281 276 273 278 278 275 274 273 275 276 274 267 259 251 254 266
277 277 275 268 296 274 279 288 298 304 308 308 306 303 296 302 320 321 322 327 320 319 317 313 305 297 304 312 302 305 320 321 310 320 316 318 317 312 313 308 303 306 299 301 301 298 307 307 308 306 306 306 324 331 336 337 337 335 343 -9999 -9999 -9999 321 322 314 308 287 284 289 301 306 291 283 283 276 285 282 286 290 276 268 270 267 259 257 264 261 258
270 268 277 283 285 276 287 294 300 300 296 293 299 301 303 308 311 322 317 313 287 294 291 298 304 303 312 316 312 315 314 320 310 312 312 316 312 311 306 307 304 299 298 296 288 291 295 301 297 294 295 290 304 324 329 329 330 332 333 -9999 -9999 -9999 324 329 327 321 305 292 306 328 316 287 292 294 285 293 295 296 296 282 275 268 258 260 258 266 263 259
257 271 276 285 280 272 281 294 298 293 290 287 290 294 308 312 318 324 330 319 302 305 299 307 309 310 316 317 318 318 320 319 311 307 307 305 303 308 302 298 299 300 297 296 291 292 285 290 312 300 297 306 310 329 333 335 334 334 334 342 -9999 -9999 -9999 336 339 334 315 310 323 332 322 300 304 306 294 297 304 313 306 288 277 272 259 262 262 260 269 264
252 265 278 273 272 270 280 291 290 293 289 290 300 302 308 310 308 314 321 322 316 314 314 313 315 313 317 318 320 318 318 318 313 307 308 308 303 303 300 299 299 297 297 292 287 288 292 297 313 297 309 322 327 334 333 333 339 335 334 345 -9999 -9999 -9999 -9999 344 337 324 318 332 338 330 319 328 306 301 299 314 316 311 290 280 275 263 259 258 267 266 268
254 265 274 266 248 259 278 294 298 295 292 294 294 297 304 303 291 315 311 304 311 315 316 314 314 317 318 318 318 317 315 317 315 310 305 300 300 300 301 297 298 297 296 296 290 281 304 316 321 319 316 328 324 329 338 342 341 344 337 -9999 -9999 -9999 -9999 348 342 335 327 324 337 336 338 326 332 323 309 316 311 319 312 295 290 279 269 259 262 265 270 273
250 270 269 254 253 255 266 282 301 305 301 296 280 279 293 293 288 316 315 287 298 304 310 314 317 318 318 318 317 309 311 316 315 315 303 301 302 302 301 298 297 295 299 300 298 287 309 312 327 332 326 334 327 333 347 349 347 345 340 -9999 -9999 -9999 340 348 343 337 330 326 340 336 341 338 327 315 309 321 315 325 317 305 293 280 272 260 258 263 272 273
268 265 256 254 259 261 261 286 297 298 310 307 295 290 280 295 287 314 326 310 294 294 305 316 317 317 317 317 317 309 305 310 309 307 303 302 300 297 299 296 298 298 303 304 299 295 312 328 327 340 344 342 350 344 334 347 352 352 -9999 -9999 -9999 354 349 345 341 340 328 323 339 341 343 331 322 309 303 320 325 326 315 293 284 272 264 255 261 268 271 273
254 251 248 262 270 266 257 277 293 286 288 313 312 309 309 315 315 311 321 328 305 293 312 317 317 317 317 317 317 317 316 311 310 306 303 304 302 296 295 296 298 301 311 313 313 308 337 339 344 345 345 349 335 351 351 -9999 -9999 -9999 -9999 -9999 336 346 344 349 344 337 327 319 339 343 345 338 334 316 318 321 331 323 318 303 292 273 267 262 263 269 271 273
