bio_13_recortado.asc
ncols        993
nrows        435
xllcorner    -105.258332676891
yllcorner    17.591666858876
cellsize     0.008333333771
NODATA_value -9999
[rows 156 to 194 of 435, columns 623 to 711 of 993]
178 176 175 175 179 180 182 184 187 187 172 171 170 171 172 170 169 168 175 178 178 179 179 178 178 177 177 170 171 165 163 171 168 168 174 175 177 178 179 180 181 182 182 183 183 183 182 182 181 180 176 175 177 176 175 174 174 174 175 176 177 177 176 175 174 178 177 175 175 179 179 178 174 174 170 171 162 165 170 164 161 159 164 145 144 134 131 126 126
181 176 177 177 176 181 182 188 184 174 172 171 171 169 170 170 167 167 175 180 180 180 179 179 178 178 177 167 169 161 162 162 165 164 175 176 178 179 181 182 183 183 184 184 184 184 183 183 178 177 177 178 178 177 175 175 175 175 175 176 177 178 178 174 177 179 179 179 177 180 180 176 175 170 169 166 165 172 175 168 161 169 159 157 151 140 137 127 134
178 181 180 179 178 187 175 174 173 175 174 171 171 169 170 169 167 171 176 179 180 180 180 179 178 177 176 165 163 161 161 165 161 162 166 171 179 181 182 183 184 185 185 185 185 185 185 184 184 178 181 180 179 178 176 176 176 176 176 176 177 178 179 174 178 179 179 179 180 180 179 176 176 173 170 173 176 172 170 168 173 166 161 157 154 146 130 128 144
180 180 180 176 186 187 185 182 173 173 172 171 170 172 171 169 169 177 180 167 178 178 179 179 178 177 176 163 161 160 164 165 164 161 162 162 181 182 183 184 185 187 187 186 186 187 187 186 185 183 183 182 180 179 177 176 176 176 177 178 177 179 179 175 175 180 179 180 180 180 181 178 177 177 175 171 170 176 177 178 171 169 170 156 148 146 132 135 149
181 179 179 180 186 187 183 185 174 175 176 175 176 171 168 168 175 184 174 167 170 178 181 177 176 173 174 169 159 161 163 165 166 160 165 165 161 184 185 188 178 188 188 188 187 188 188 187 186 185 183 182 181 179 179 178 177 176 175 176 178 179 175 177 179 180 180 180 181 181 180 177 177 178 172 168 168 168 172 179 177 168 162 158 152 139 134 141 150
180 178 179 184 186 181 175 175 190 190 188 184 181 181 174 176 184 186 184 176 176 180 181 179 178 172 168 168 162 158 158 165 166 161 159 164 161 178 170 189 165 195 190 190 188 189 189 171 172 185 184 183 183 181 180 179 178 177 176 177 177 177 176 174 175 180 181 181 178 179 177 178 179 179 176 167 164 165 170 176 174 167 160 156 151 141 133 135 143
181 182 184 183 186 182 175 174 178 186 192 192 186 187 189 189 188 187 185 182 183 182 181 180 178 169 169 167 167 157 157 163 166 165 161 161 160 161 163 163 164 169 194 181 186 191 174 170 171 176 184 184 183 182 181 180 179 178 177 176 177 178 177 174 176 181 179 178 181 177 181 178 179 180 177 169 164 163 163 166 163 162 158 154 145 140 135 142 147
182 185 185 184 180 176 175 175 174 185 184 183 187 192 191 189 188 187 186 184 181 179 177 178 178 176 172 173 171 166 157 159 167 166 159 164 167 166 164 164 168 165 166 169 168 168 169 171 171 172 173 174 175 178 182 181 180 178 177 176 176 176 176 176 179 181 177 175 176 178 181 180 180 171 165 167 164 161 160 160 161 159 157 152 147 155 135 137 152
184 183 182 180 180 180 178 175 176 177 174 173 174 174 177 189 188 187 184 180 177 178 175 176 178 177 176 173 157 154 157 158 155 168 164 158 169 167 164 166 167 167 166 166 168 170 172 173 173 172 173 175 175 175 176 181 181 180 177 176 175 174 175 173 179 182 182 178 178 182 180 176 174 168 165 162 159 159 158 156 158 157 150 143 145 138 137 137 145
185 183 182 180 182 181 178 176 179 180 181 181 181 179 180 180 180 181 177 176 174 165 165 169 165 156 169 163 154 155 155 153 154 168 162 157 164 163 160 163 166 168 166 166 169 173 175 174 179 174 176 177 177 176 176 182 178 180 178 177 176 175 174 175 180 182 183 183 183 180 180 174 171 166 162 163 161 159 157 155 157 157 156 142 140 140 138 141 137
187 185 184 183 180 179 178 177 176 181 182 182 183 182 182 183 182 178 176 175 170 168 163 172 175 173 173 166 155 158 169 165 161 167 163 157 159 159 159 162 163 167 165 166 169 171 174 179 179 177 175 176 179 178 177 177 183 182 179 178 176 176 174 175 172 180 181 183 182 180 176 173 168 168 165 161 158 157 155 154 155 153 156 155 154 140 145 146 139
186 184 184 183 182 179 180 177 180 181 181 181 182 182 182 182 179 180 174 174 171 170 166 172 174 174 174 166 155 159 173 171 161 167 164 155 156 158 159 160 162 167 166 167 168 169 172 176 174 177 176 177 177 176 177 178 180 180 182 180 177 177 175 175 172 178 176 178 185 179 175 168 165 166 167 162 161 155 156 153 154 158 156 155 151 141 141 150 140
186 185 184 183 182 180 179 179 180 181 181 181 182 181 181 179 178 179 177 175 174 171 171 173 173 173 174 171 171 171 175 167 160 161 164 165 155 157 159 160 162 164 165 172 172 171 175 174 173 174 177 178 176 176 177 179 178 180 182 183 178 178 176 175 176 175 180 184 178 175 172 169 173 171 169 167 159 157 156 155 156 158 156 153 145 143 147 142 151
187 185 184 183 181 180 179 179 179 179 179 180 180 179 178 178 178 178 177 177 174 174 173 173 173 159 160 173 151 175 175 169 147 159 164 161 156 156 158 161 162 165 172 175 176 170 173 173 173 174 177 177 178 178 178 180 181 182 184 184 180 181 184 185 184 183 178 187 181 178 172 168 177 172 167 161 161 158 162 155 160 155 156 152 144 153 148 142 149
188 186 185 184 185 184 182 178 179 179 179 179 179 177 177 177 177 176 176 176 175 174 173 173 170 153 151 172 174 174 175 147 145 150 159 161 160 161 163 160 163 171 174 176 175 170 172 172 174 174 175 176 177 177 178 181 186 186 186 184 185 185 185 185 186 187 184 189 186 184 178 173 178 175 164 169 165 158 159 163 159 159 157 150 144 153 151 149 152
195 193 186 185 187 184 182 179 177 175 180 179 178 179 177 177 176 176 175 175 174 173 172 172 172 172 172 173 173 173 175 166 161 145 155 151 155 156 159 161 165 173 175 175 178 178 180 184 183 176 177 177 177 179 180 184 188 188 187 187 186 186 185 184 185 188 187 190 190 184 178 183 176 172 165 169 158 167 159 166 161 160 158 145 154 155 145 150 148
193 192 192 188 187 185 183 181 179 177 174 179 180 179 176 175 175 164 167 173 172 172 171 171 171 171 172 172 172 173 174 172 168 150 152 153 157 161 159 161 167 172 175 176 177 181 184 186 185 179 184 181 180 184 187 188 189 189 188 186 185 184 185 187 188 189 189 189 194 189 174 188 180 181 174 170 174 169 167 159 166 161 159 150 159 156 142 152 148
191 191 190 192 184 185 183 177 176 176 174 173 175 177 175 168 173 165 165 172 171 171 171 171 170 170 171 171 171 172 174 165 152 155 163 165 164 162 161 162 167 170 176 178 177 182 184 187 189 188 189 189 186 190 190 191 191 191 185 184 185 184 189 189 190 190 190 191 197 188 189 188 191 182 180 173 175 175 170 172 166 166 159 160 159 159 152 153 159
194 192 186 188 184 182 183 178 177 177 175 174 175 176 175 168 167 171 171 171 170 170 170 169 170 170 170 170 170 172 172 165 151 165 173 171 170 167 163 164 166 173 169 180 181 184 186 186 189 191 192 192 191 193 192 192 192 192 188 183 183 184 189 191 192 193 196 198 199 190 200 195 195 183 187 172 180 181 173 173 170 170 163 151 164 160 151 158 174
194 192 184 182 183 181 182 177 176 177 176 174 174 172 174 173 172 171 170 170 169 169 169 169 168 169 169 169 170 172 172 159 154 172 183 183 176 180 168 167 166 169 173 182 186 187 188 190 191 192 193 193 194 193 193 192 191 194 184 187 186 188 191 191 192 192 195 199 198 199 204 205 203 195 195 192 189 186 178 180 174 173 168 161 164 161 154 166 171
194 197 191 187 184 183 180 181 179 178 176 173 174 170 169 172 171 170 169 169 169 168 168 167 167 168 168 168 169 172 171 152 161 170 180 196 197 194 185 171 168 168 170 178 188 190 190 192 193 194 194 193 192 190 188 192 191 193 190 191 190 192 188 188 190 193 197 204 198 206 211 213 206 202 198 186 192 191 180 184 180 179 176 168 169 162 178 180 176
200 199 194 189 186 181 184 182 182 178 177 173 173 172 172 170 170 169 168 168 168 167 167 166 166 166 167 167 168 168 156 153 159 167 173 185 206 205 190 178 172 170 172 180 190 192 194 194 195 195 197 197 197 191 190 190 190 191 193 193 193 191 188 189 194 194 202 202 208 209 212 217 215 214 197 198 194 190 187 189 185 183 176 169 172 159 169 182 183
201 192 192 189 186 185 186 185 182 178 178 175 172 171 170 169 168 168 167 167 166 166 166 165 165 165 166 166 167 169 156 156 158 160 165 180 187 179 184 177 170 169 175 185 190 192 193 194 195 198 198 198 200 196 190 191 196 194 195 196 193 193 193 195 197 200 202 200 207 213 207 215 222 220 204 209 186 200 194 195 191 186 181 174 172 161 166 184 194
199 192 190 194 188 188 188 184 183 181 176 172 171 170 169 168 167 167 166 165 165 165 165 164 164 164 165 165 166 171 172 168 163 161 162 166 174 171 169 168 169 171 177 188 193 196 192 191 193 197 199 199 196 196 187 189 192 194 196 195 194 194 196 198 197 198 198 204 203 210 204 210 216 212 211 216 205 206 207 202 193 189 183 178 166 169 167 195 195
198 197 191 195 192 191 188 185 180 180 176 173 170 169 168 167 166 165 165 165 164 164 164 163 163 163 163 164 166 167 171 175 177 173 168 164 165 166 167 171 176 183 178 193 196 197 192 191 193 198 198 203 206 202 194 188 188 193 192 194 197 195 196 198 198 198 201 200 203 200 208 218 213 211 218 205 214 204 209 203 195 190 182 175 174 174 172 180 195
201 199 197 191 193 191 188 184 182 181 179 177 172 169 168 166 165 164 164 163 163 163 162 162 162 162 162 162 164 166 167 171 174 177 182 178 169 171 181 182 183 188 195 197 199 200 190 196 201 206 207 204 204 209 203 196 188 189 193 195 194 196 194 198 199 200 200 199 204 200 208 201 208 217 218 215 215 208 208 201 195 188 178 187 182 177 170 158 160
201 199 196 194 192 189 187 186 184 179 178 178 172 169 168 166 166 166 163 162 162 162 161 161 160 160 160 161 162 163 164 166 168 172 177 185 187 188 186 187 188 189 195 199 187 189 189 198 207 208 205 205 199 198 192 198 193 193 193 193 194 195 195 199 200 200 200 200 202 204 203 204 206 218 215 215 215 212 210 208 204 195 192 182 180 177 169 160 155
199 197 195 193 191 187 187 182 180 175 178 178 173 168 168 167 170 168 163 161 160 160 160 159 159 159 159 159 160 161 162 163 165 168 172 177 185 187 190 192 194 196 197 192 185 187 192 197 202 209 210 201 199 192 191 190 191 190 191 190 192 194 195 201 202 202 202 201 200 201 199 198 210 208 215 214 214 209 211 207 203 200 194 188 182 173 163 161 159
198 197 194 190 189 186 186 183 185 180 180 178 172 169 168 166 170 168 162 161 160 160 159 158 158 158 158 158 158 159 160 161 163 164 167 170 174 181 180 185 187 188 190 183 185 187 190 195 200 204 211 215 210 201 193 192 188 189 190 191 190 191 196 201 203 203 204 205 203 205 201 202 209 204 215 212 208 206 210 210 206 201 201 192 183 169 170 168 164
194 197 197 191 190 188 185 182 183 179 181 180 171 169 169 165 164 163 162 161 160 159 158 158 157 157 156 156 157 157 159 160 161 163 165 166 169 171 174 176 178 181 183 182 185 188 190 197 197 207 216 216 209 202 198 189 190 188 188 190 191 193 196 200 201 203 204 206 207 205 202 199 212 200 210 214 212 204 208 210 209 207 201 193 188 181 175 167 159
196 195 193 193 190 189 186 183 181 178 172 178 169 167 168 166 164 163 162 161 160 159 158 158 157 157 156 156 156 156 157 158 160 161 163 165 168 170 171 174 176 179 181 182 184 185 188 192 196 199 206 217 221 212 207 188 188 188 188 188 189 190 191 193 195 199 200 207 208 209 201 199 200 196 206 209 203 204 210 210 209 207 203 195 189 182 174 169 161
198 196 195 191 191 190 188 184 182 180 173 170 174 166 166 164 163 162 161 161 160 159 158 157 157 157 156 156 156 155 155 156 158 160 162 164 166 168 170 172 174 177 178 181 182 185 188 191 194 197 202 205 209 222 214 210 191 187 187 188 188 189 190 191 193 195 203 202 209 211 202 209 206 198 204 205 204 209 210 210 210 208 202 201 193 184 176 172 166
193 197 195 193 190 186 184 181 182 181 175 169 174 176 174 164 163 162 161 160 159 158 158 157 157 156 156 156 155 155 154 155 156 158 160 162 165 168 170 172 174 176 177 179 183 187 190 192 197 200 200 208 216 215 220 214 197 189 187 189 189 190 190 192 192 194 198 195 208 212 215 216 208 202 210 205 207 212 212 213 211 211 207 201 197 191 185 180 169
193 198 199 196 191 191 190 183 179 181 174 172 175 176 175 175 163 162 161 160 159 158 157 157 156 156 155 155 155 154 154 154 155 157 159 161 164 166 168 172 173 174 177 178 182 184 187 189 196 196 198 210 221 214 213 205 190 188 188 190 190 192 192 191 192 194 193 194 207 211 214 202 219 220 219 222 211 212 214 214 209 199 195 188 180 175 179 180 170
193 196 200 197 198 195 193 190 180 178 175 172 179 179 177 176 174 161 160 159 158 158 157 156 156 155 155 155 154 154 154 154 155 157 158 160 162 165 167 169 172 174 176 179 181 183 186 188 192 194 199 202 205 219 213 205 191 188 188 191 191 193 192 192 192 193 194 194 194 204 203 203 218 222 223 222 218 226 216 217 215 208 200 189 177 173 169 164 164
202 203 202 200 196 194 191 190 188 180 176 177 175 178 178 176 173 172 160 159 158 157 156 156 155 155 154 154 154 154 154 155 156 157 159 161 162 165 167 170 172 174 176 178 180 183 185 188 191 193 199 199 208 217 211 201 189 189 189 190 192 195 194 193 193 194 195 195 195 196 199 202 211 212 221 227 222 226 221 219 216 212 203 199 191 184 177 168 162
206 205 200 197 193 191 189 190 191 188 181 180 182 181 177 177 174 171 170 163 158 157 156 155 155 154 154 154 153 154 154 155 156 158 159 161 163 165 167 170 172 174 176 178 180 183 186 188 190 194 196 198 202 214 214 201 194 188 189 190 192 194 196 195 195 196 195 196 196 196 199 203 207 215 220 231 231 230 222 221 217 207 202 193 187 181 174 170 166
207 206 202 196 191 186 187 189 190 190 187 186 183 178 170 173 170 166 170 170 160 157 156 155 154 154 153 153 153 153 154 155 156 158 159 161 163 165 168 170 172 174 176 177 180 183 186 189 191 194 196 199 202 206 212 200 188 189 190 190 191 193 197 197 197 198 196 196 196 197 200 202 205 217 227 223 227 235 232 222 213 210 207 199 194 184 174 174 168
208 208 205 201 193 189 188 186 185 183 182 185 185 181 177 172 162 167 166 174 165 157 156 155 154 154 153 153 153 154 155 155 156 158 159 161 164 167 169 171 173 174 176 178 181 184 186 189 192 194 197 200 203 210 208 203 195 190 190 191 192 194 196 197 199 199 198 198 198 198 198 205 210 215 233 221 228 225 229 222 219 214 203 195 188 181 185 178 175
