bio_13_recortado.asc
ncols        993
nrows        435
xllcorner    -105.258332676891
yllcorner    17.591666858876
cellsize     0.008333333771
NODATA_value -9999
[rows 156 to 194 of 435, columns 267 to 355 of 993]
214 214 214 214 214 215 212 211 211 212 206 205 198 198 194 201 199 207 211 205 197 197 196 196 196 196 197 197 197 202 212 203 203 204 204 202 195 195 194 194 194 194 193 193 204 208 209 209 208 207 205 205 204 203 198 199 199 197 197 197 195 195 194 192 189 188 191 191 191 191 190 190 191 191 191 190 190 192 194 207 201 212 199 196 192 193 193 194 198
214 214 215 216 219 219 217 216 217 213 211 209 206 205 199 198 197 199 210 213 206 198 198 198 198 198 198 198 199 199 200 203 213 198 207 199 198 196 195 195 195 195 196 199 203 206 209 210 210 206 203 205 205 204 205 202 202 204 189 201 200 199 199 197 194 193 194 188 188 193 193 192 191 191 193 194 194 195 196 223 224 230 201 199 196 196 200 201 205
216 216 216 217 221 222 221 221 222 218 217 216 212 208 204 203 199 200 211 214 214 208 200 200 200 200 202 208 202 200 200 201 201 216 216 216 198 198 197 196 197 197 195 195 196 200 209 210 209 206 208 203 198 207 206 205 206 206 199 204 205 199 199 198 198 196 189 187 188 188 188 189 190 191 193 195 196 196 197 203 218 222 203 202 201 202 204 207 210
216 216 216 217 222 224 222 222 223 223 220 217 214 210 206 202 200 201 206 218 209 212 205 203 203 203 205 213 217 207 202 202 202 202 203 215 219 219 204 197 197 197 198 197 196 196 208 212 209 201 196 195 208 210 209 208 207 208 209 207 207 202 202 198 201 187 188 201 211 211 199 197 198 201 194 194 196 197 198 199 201 202 203 204 205 206 208 210 212
216 217 217 217 220 226 225 227 224 219 214 211 209 208 205 202 215 213 218 218 202 204 212 205 207 218 219 216 217 218 216 204 204 204 203 208 212 218 221 198 198 199 200 203 199 196 204 205 205 201 195 196 204 212 211 210 209 208 208 211 199 194 191 189 188 195 199 208 214 215 216 217 203 205 199 201 198 199 200 201 202 203 205 206 208 209 211 212 214
217 217 217 218 220 220 219 220 219 219 215 212 207 204 204 216 224 221 221 203 218 222 222 220 222 216 222 222 222 223 223 223 221 222 217 215 210 202 200 221 224 215 198 198 198 198 205 209 210 206 197 200 205 214 214 212 211 212 210 210 203 210 202 188 193 190 191 195 200 209 205 206 213 207 206 203 204 206 206 203 203 205 206 214 219 225 217 219 223
217 218 218 217 217 217 216 217 216 217 217 215 213 207 224 227 220 212 210 211 224 214 210 217 222 225 224 225 223 224 224 223 224 225 225 223 223 218 201 197 194 227 226 204 199 201 210 214 217 212 207 206 209 216 216 215 213 213 212 211 213 211 206 201 205 201 194 191 193 197 202 205 209 207 205 207 207 208 210 208 206 206 208 219 239 241 238 240 226
218 218 217 217 217 216 216 215 214 216 216 214 212 208 222 227 218 222 221 219 228 211 208 215 222 226 222 218 224 223 226 224 215 218 225 227 228 222 212 201 191 200 212 226 201 206 212 219 221 218 216 215 212 217 218 217 217 216 215 207 213 212 212 210 207 205 200 193 193 195 198 207 216 219 215 211 210 210 214 222 212 210 211 218 241 248 245 236 233
218 217 218 218 217 214 214 215 214 215 213 213 211 225 233 230 226 230 220 230 222 213 211 212 216 223 219 217 223 224 226 228 220 216 211 222 228 231 202 201 190 191 215 210 203 231 218 201 224 223 222 220 219 220 218 208 195 198 217 214 216 215 213 212 210 206 203 197 194 196 199 204 218 221 219 218 216 212 224 226 222 214 216 227 240 247 245 239 236
232 228 218 217 217 216 216 214 216 215 213 217 232 237 237 237 231 234 228 -9999 -9999 209 209 209 215 220 219 221 223 224 225 227 231 229 220 218 228 232 234 234 211 200 196 196 201 201 201 201 217 226 224 222 222 222 212 196 197 197 204 215 217 216 215 214 212 209 206 201 196 197 203 206 216 222 223 219 220 215 218 227 222 220 221 227 233 242 242 244 241
241 234 228 219 218 223 224 216 216 216 215 215 221 241 236 239 237 228 225 -9999 -9999 -9999 -9999 210 210 214 218 215 223 225 228 233 234 232 235 226 232 234 236 236 236 202 201 194 200 204 201 200 200 229 225 223 226 224 216 199 199 202 193 220 219 203 215 216 214 211 207 198 198 198 201 206 212 213 225 226 221 223 225 224 224 223 225 228 231 235 241 244 236
245 244 231 223 242 230 218 217 217 218 217 216 215 236 243 246 240 243 -9999 -9999 -9999 -9999 -9999 -9999 -9999 -9999 217 214 213 212 230 235 236 236 237 238 235 236 238 238 239 238 233 234 226 227 201 200 199 197 198 229 227 226 220 201 197 197 197 220 218 218 218 217 213 210 208 201 203 200 203 211 213 220 223 228 232 231 225 226 227 230 231 231 231 232 233 238 245
248 235 233 242 244 221 220 219 219 218 217 217 220 238 249 253 247 -9999 -9999 -9999 -9999 -9999 -9999 -9999 -9999 -9999 -9999 217 211 211 226 238 240 241 241 240 240 239 233 225 223 241 241 236 207 204 201 198 196 197 196 210 222 229 220 207 201 201 214 223 222 221 220 219 218 217 216 214 204 203 216 230 225 228 228 228 233 234 228 229 231 231 234 235 235 235 233 231 230
251 246 224 246 244 224 226 221 220 219 219 223 227 236 253 261 -9999 -9999 -9999 -9999 -9999 -9999 -9999 -9999 -9999 -9999 -9999 219 219 220 228 233 244 243 241 242 243 243 240 227 226 222 236 224 211 206 203 200 196 195 195 195 198 197 199 226 215 224 226 224 221 221 220 220 220 219 219 217 203 211 228 239 244 241 227 228 234 234 230 232 235 238 239 240 240 238 234 231 228
242 230 229 257 254 236 233 223 221 220 220 220 220 228 255 270 -9999 -9999 -9999 -9999 -9999 -9999 -9999 -9999 -9999 -9999 -9999 -9999 226 229 239 242 241 241 235 238 237 242 243 244 238 228 238 237 243 207 203 199 196 195 194 195 195 196 203 205 223 228 228 226 225 221 221 217 218 218 218 220 210 218 234 245 250 242 227 225 228 234 232 235 240 242 243 244 242 241 240 236 232
233 230 246 251 263 265 227 222 221 221 221 221 223 235 262 275 -9999 -9999 -9999 -9999 -9999 -9999 -9999 -9999 -9999 -9999 -9999 -9999 -9999 236 239 237 236 228 223 230 225 238 235 241 242 246 245 245 244 238 199 198 196 195 195 195 194 194 204 206 215 225 230 226 224 218 219 223 223 219 219 222 216 210 237 242 244 238 225 221 225 232 235 239 244 247 246 248 247 246 244 241 235
245 238 243 259 264 255 227 223 224 222 221 223 223 258 270 -9999 -9999 -9999 -9999 -9999 -9999 -9999 -9999 -9999 -9999 -9999 -9999 -9999 -9999 231 228 227 226 223 221 220 221 222 223 230 233 230 247 245 246 245 243 199 197 196 195 195 194 194 208 205 229 231 231 226 227 219 219 221 222 221 225 225 217 213 223 230 230 218 219 221 223 234 241 246 249 252 254 253 251 249 247 244 239
246 237 246 258 275 260 247 231 224 223 222 223 224 250 264 -9999 -9999 -9999 -9999 -9999 -9999 -9999 -9999 -9999 -9999 -9999 -9999 -9999 -9999 -9999 216 216 215 215 216 214 219 214 215 220 224 226 224 242 247 247 242 239 218 199 199 197 195 195 196 203 224 230 228 207 208 228 220 220 221 228 227 227 216 212 226 218 214 219 220 222 226 235 242 249 255 255 259 260 255 257 254 248 245
270 248 256 267 293 264 253 228 224 224 223 223 228 234 -9999 -9999 -9999 -9999 -9999 -9999 -9999 -9999 -9999 -9999 -9999 -9999 -9999 -9999 -9999 -9999 -9999 219 220 217 216 216 216 223 216 216 218 226 233 240 248 248 245 230 210 208 200 198 197 197 197 199 212 229 228 208 212 222 224 221 223 228 229 229 227 214 212 213 214 216 219 222 223 237 248 254 257 269 263 269 262 264 253 251 252
271 275 271 290 297 272 230 225 224 225 227 225 225 231 -9999 -9999 -9999 -9999 -9999 -9999 -9999 -9999 -9999 -9999 -9999 -9999 -9999 -9999 -9999 -9999 -9999 -9999 -9999 -9999 -9999 217 216 219 221 216 216 223 237 243 245 249 249 239 223 211 205 204 199 199 199 200 215 229 237 218 219 235 232 230 231 228 231 231 231 220 219 214 215 216 217 221 227 235 250 257 263 265 263 273 269 262 257 253 252
294 290 286 305 287 274 240 227 226 229 230 229 227 -9999 -9999 -9999 -9999 -9999 -9999 -9999 -9999 -9999 -9999 -9999 -9999 -9999 -9999 -9999 -9999 -9999 -9999 -9999 -9999 -9999 -9999 -9999 -9999 -9999 217 220 217 220 223 237 246 251 251 246 240 236 231 224 218 204 202 206 214 227 230 239 237 236 231 226 223 227 231 234 233 228 226 216 216 217 218 219 223 241 244 249 253 254 261 263 269 262 256 253 253
298 294 297 312 289 241 232 228 234 266 264 233 229 -9999 -9999 -9999 -9999 -9999 -9999 -9999 -9999 -9999 -9999 -9999 -9999 -9999 -9999 -9999 -9999 -9999 -9999 -9999 -9999 -9999 -9999 -9999 -9999 -9999 -9999 218 219 223 220 230 232 242 252 251 246 250 248 237 219 214 208 205 211 227 227 235 240 231 227 227 221 229 233 237 234 228 224 220 221 218 219 221 229 235 243 249 254 255 262 268 269 262 259 255 253
303 311 315 319 314 245 229 229 247 268 254 233 -9999 -9999 -9999 -9999 -9999 -9999 -9999 -9999 -9999 -9999 -9999 -9999 -9999 -9999 -9999 -9999 -9999 -9999 -9999 -9999 -9999 -9999 -9999 -9999 -9999 -9999 -9999 -9999 -9999 219 218 219 218 223 245 253 253 251 250 245 237 225 221 212 208 211 215 216 221 234 230 231 224 222 233 239 238 233 231 226 219 219 220 222 227 230 244 251 259 263 268 266 267 264 259 256 254
309 318 318 290 282 257 256 261 252 294 262 231 -9999 -9999 -9999 -9999 -9999 -9999 -9999 -9999 -9999 -9999 -9999 -9999 -9999 -9999 -9999 -9999 -9999 -9999 -9999 -9999 -9999 -9999 -9999 -9999 -9999 -9999 -9999 -9999 -9999 -9999 220 224 226 220 219 241 253 248 245 243 243 240 229 229 230 213 215 216 219 231 232 240 228 228 233 239 241 236 238 233 225 223 221 222 226 234 241 249 254 255 258 259 256 257 254 253 253
268 296 329 320 270 288 293 320 334 257 244 -9999 -9999 -9999 -9999 -9999 -9999 -9999 -9999 -9999 -9999 -9999 -9999 -9999 -9999 -9999 -9999 -9999 -9999 -9999 -9999 -9999 -9999 -9999 -9999 -9999 -9999 -9999 -9999 -9999 -9999 -9999 -9999 226 221 221 220 227 244 256 247 245 249 250 249 246 226 221 220 218 217 228 233 232 231 233 236 243 244 239 239 240 233 229 225 223 225 231 237 246 249 252 254 255 254 252 253 254 253
327 324 297 280 277 322 336 348 364 298 244 -9999 -9999 -9999 -9999 -9999 -9999 -9999 -9999 -9999 -9999 -9999 -9999 -9999 -9999 -9999 -9999 -9999 -9999 -9999 -9999 -9999 -9999 -9999 -9999 -9999 -9999 -9999 -9999 -9999 -9999 -9999 -9999 -9999 223 221 221 222 254 259 249 255 254 254 253 248 238 226 230 223 223 226 228 228 224 230 241 243 246 247 247 245 241 237 234 227 225 228 236 244 247 248 250 254 252 252 253 253 254
331 311 295 286 281 325 361 368 369 357 -9999 -9999 -9999 -9999 -9999 -9999 -9999 -9999 -9999 -9999 -9999 -9999 -9999 -9999 -9999 -9999 -9999 -9999 -9999 -9999 -9999 -9999 -9999 -9999 -9999 -9999 -9999 -9999 -9999 -9999 -9999 -9999 -9999 -9999 -9999 222 223 231 238 261 250 253 253 249 246 251 254 254 253 242 230 229 231 226 226 239 246 248 248 249 250 250 248 245 247 232 229 228 232 238 244 246 248 249 249 251 252 253 254
336 289 287 298 289 322 351 348 383 352 -9999 -9999 -9999 -9999 -9999 -9999 -9999 -9999 -9999 -9999 -9999 -9999 -9999 -9999 -9999 -9999 -9999 -9999 -9999 -9999 -9999 -9999 -9999 -9999 -9999 -9999 -9999 -9999 -9999 -9999 -9999 -9999 -9999 -9999 -9999 -9999 225 224 232 241 225 247 225 206 241 258 257 254 253 255 250 251 250 237 234 250 253 252 250 247 252 254 254 253 255 245 234 228 230 234 241 244 247 247 247 249 250 251 253
329 327 295 283 345 378 381 326 374 -9999 -9999 -9999 -9999 -9999 -9999 -9999 -9999 -9999 -9999 -9999 -9999 -9999 -9999 -9999 -9999 -9999 -9999 -9999 -9999 -9999 -9999 -9999 -9999 -9999 -9999 -9999 -9999 -9999 -9999 -9999 -9999 -9999 -9999 -9999 -9999 -9999 -9999 237 229 265 250 210 203 236 257 259 257 241 238 250 257 255 254 231 233 241 250 248 247 247 252 256 258 259 260 258 248 232 230 232 238 245 248 249 246 248 250 252 253
320 310 291 290 357 351 325 323 317 -9999 -9999 -9999 -9999 -9999 -9999 -9999 -9999 -9999 -9999 -9999 -9999 -9999 -9999 -9999 -9999 -9999 -9999 -9999 -9999 -9999 -9999 -9999 -9999 -9999 -9999 -9999 -9999 -9999 -9999 -9999 -9999 -9999 -9999 -9999 -9999 -9999 -9999 -9999 230 252 259 212 210 217 218 263 248 233 226 236 256 248 243 224 224 232 245 242 241 240 250 256 257 260 262 265 255 245 233 233 236 242 247 246 246 247 250 251 253
299 296 290 314 387 360 314 339 294 -9999 -9999 -9999 -9999 -9999 -9999 -9999 -9999 -9999 -9999 -9999 -9999 -9999 -9999 -9999 -9999 -9999 -9999 -9999 -9999 -9999 -9999 -9999 -9999 -9999 -9999 -9999 -9999 -9999 -9999 -9999 -9999 -9999 -9999 -9999 -9999 -9999 -9999 -9999 -9999 268 233 217 213 231 258 265 263 239 233 249 259 249 219 215 216 222 234 232 237 238 245 250 254 258 265 268 266 256 237 233 234 238 242 243 244 248 248 251 253
294 315 327 361 387 396 342 279 -9999 -9999 -9999 -9999 -9999 -9999 -9999 -9999 -9999 -9999 -9999 -9999 -9999 -9999 -9999 -9999 -9999 -9999 -9999 -9999 -9999 -9999 -9999 -9999 -9999 -9999 -9999 -9999 -9999 -9999 -9999 -9999 -9999 -9999 -9999 -9999 -9999 -9999 -9999 -9999 -9999 -9999 223 226 224 220 217 253 240 255 260 265 264 239 216 218 217 218 220 221 226 231 237 245 251 261 268 271 266 255 242 234 235 239 241 242 245 248 249 250 251
318 338 352 350 395 410 375 280 -9999 -9999 -9999 -9999 -9999 -9999 -9999 -9999 -9999 -9999 -9999 -9999 -9999 -9999 -9999 -9999 -9999 -9999 -9999 -9999 -9999 -9999 -9999 -9999 -9999 -9999 -9999 -9999 -9999 -9999 -9999 -9999 -9999 -9999 -9999 -9999 -9999 -9999 -9999 -9999 -9999 -9999 -9999 -9999 227 226 221 256 268 255 269 268 250 223 219 223 221 220 221 222 223 240 248 240 252 263 272 275 271 259 251 240 236 238 240 241 245 244 246 247 249
309 342 373 397 411 384 289 263 -9999 -9999 -9999 -9999 -9999 -9999 -9999 -9999 -9999 -9999 -9999 -9999 -9999 -9999 -9999 -9999 -9999 -9999 -9999 -9999 -9999 -9999 -9999 -9999 -9999 -9999 -9999 -9999 -9999 -9999 -9999 -9999 -9999 -9999 -9999 -9999 -9999 -9999 -9999 -9999 -9999 -9999 -9999 -9999 -9999 228 227 232 273 273 271 258 234 228 226 228 228 226 223 233 251 260 261 258 260 269 274 279 272 264 253 237 236 239 242 241 243 244 246 247 250
315 329 336 375 410 427 298 266 -9999 -9999 -9999 -9999 -9999 -9999 -9999 -9999 -9999 -9999 -9999 -9999 -9999 -9999 -9999 -9999 -9999 -9999 -9999 -9999 -9999 -9999 -9999 -9999 -9999 -9999 -9999 -9999 -9999 -9999 -9999 -9999 -9999 -9999 -9999 -9999 -9999 -9999 -9999 -9999 -9999 -9999 -9999 -9999 -9999 -9999 -9999 225 226 267 240 231 223 228 230 231 232 232 224 244 272 276 277 276 277 280 278 279 278 267 254 240 237 238 241 240 244 246 248 250 252
289 321 341 356 339 401 417 -9999 -9999 -9999 -9999 -9999 -9999 -9999 -9999 -9999 -9999 -9999 -9999 -9999 -9999 -9999 -9999 -9999 -9999 -9999 -9999 -9999 -9999 -9999 -9999 -9999 -9999 -9999 -9999 -9999 -9999 -9999 -9999 -9999 -9999 -9999 -9999 -9999 -9999 -9999 -9999 -9999 -9999 -9999 -9999 -9999 -9999 -9999 -9999 227 229 230 228 228 226 227 229 233 235 237 226 243 277 262 264 278 282 281 265 280 278 274 261 245 241 239 239 240 246 250 249 250 253
260 311 309 328 429 390 364 -9999 -9999 -9999 -9999 -9999 -9999 -9999 -9999 -9999 -9999 -9999 -9999 -9999 -9999 -9999 -9999 -9999 -9999 -9999 -9999 -9999 -9999 -9999 -9999 -9999 -9999 -9999 -9999 -9999 -9999 -9999 -9999 -9999 -9999 -9999 -9999 -9999 -9999 -9999 -9999 -9999 -9999 -9999 -9999 -9999 -9999 -9999 -9999 -9999 228 228 232 227 227 227 230 235 238 240 236 233 276 284 276 284 285 283 280 286 288 280 261 245 245 240 239 240 245 251 248 250 255
278 293 317 328 394 386 296 -9999 -9999 -9999 -9999 -9999 -9999 -9999 -9999 -9999 -9999 -9999 -9999 -9999 -9999 -9999 -9999 -9999 -9999 -9999 -9999 -9999 -9999 -9999 -9999 -9999 -9999 -9999 -9999 -9999 -9999 -9999 -9999 -9999 -9999 -9999 -9999 -9999 -9999 -9999 -9999 -9999 -9999 -9999 -9999 -9999 -9999 -9999 -9999 -9999 -9999 229 229 229 229 230 232 237 242 245 246 230 248 274 284 280 291 289 291 294 293 287 278 256 248 242 246 241 242 246 248 250 254
303 298 309 382 413 300 393 -9999 -9999 -9999 -9999 -9999 -9999 -9999 -9999 -9999 -9999 -9999 -9999 -9999 -9999 -9999 -9999 -9999 -9999 -9999 -9999 -9999 -9999 -9999 -9999 -9999 -9999 -9999 -9999 -9999 -9999 -9999 -9999 -9999 -9999 -9999 -9999 -9999 -9999 -9999 -9999 -9999 -9999 -9999 -9999 -9999 -9999 -9999 -9999 -9999 -9999 229 229 234 235 234 238 241 246 249 248 245 232 246 249 253 260 270 280 286 299 298 289 277 258 239 250 247 242 244 248 252 254
