bio_6_recortado.asc
ncols        993
nrows        435
xllcorner    -105.258332676891
yllcorner    17.591666858876
cellsize     0.008333333771
NODATA_value -9999
[rows 294 to 335 of 435, columns 864 to 959 of 993]
86 87 84 81 82 80 78 64 45 48 29 30 49 58 63 69 69 74 71 70 68 69 66 64 61 60 52 53 54 52 50 52 51 49 49 52 54 55 56 57 57 57 57 56 56 55 53 53 52 51 49 47 41 36 37 43 32 35 26 21 31 31 33 35 39 39 39 38 37 35 35 34 30 29 30 33 35 36 35 34 30 28 27 25 27 23 21 22 25 32 47 53 -9999 -9999 -9999 -9999
90 89 87 86 85 83 81 78 71 55 48 44 52 61 62 71 74 75 64 67 63 68 69 65 63 62 53 54 55 57 55 56 52 48 50 52 53 54 55 56 55 56 56 55 56 55 54 53 54 52 49 47 46 45 45 42 42 40 38 27 21 24 26 29 36 37 37 37 37 36 36 34 32 33 34 36 36 37 35 34 31 28 29 26 22 24 23 24 36 53 57 67 -9999 -9999 -9999 -9999
91 90 89 88 87 86 84 81 79 75 63 58 54 65 69 72 76 71 72 71 69 67 69 67 65 63 60 58 58 60 59 58 57 53 53 50 51 51 51 54 54 52 54 55 56 56 56 55 53 53 49 47 47 46 41 39 39 34 36 35 30 23 31 35 30 34 33 36 38 36 37 36 34 35 35 37 37 36 34 33 31 31 28 26 24 24 24 25 29 55 62 70 75 -9999 -9999 -9999
89 88 88 87 87 87 86 83 81 77 72 67 68 72 74 78 78 73 72 71 71 71 71 69 66 66 64 62 63 62 61 59 57 54 55 52 49 49 50 52 55 54 55 56 56 57 56 55 55 54 50 48 48 40 36 28 30 24 24 32 33 30 28 33 31 30 30 30 35 37 37 37 36 33 35 37 37 36 33 34 32 30 27 29 28 25 29 34 36 42 55 73 82 -9999 -9999 -9999
89 88 88 88 87 87 86 85 80 70 72 77 77 83 82 81 74 74 74 72 72 72 71 62 68 66 66 66 65 64 63 61 57 58 57 54 50 49 49 53 55 55 56 55 55 57 57 56 55 54 53 50 49 46 38 35 26 17 20 31 30 31 31 33 32 30 27 24 31 33 36 37 36 31 33 37 37 36 34 33 31 31 30 30 26 30 30 53 70 67 72 82 83 84 -9999 -9999
89 89 89 89 88 88 87 87 85 73 69 79 79 81 77 75 77 74 74 74 73 73 72 69 71 66 68 68 67 66 64 63 62 62 60 56 51 53 54 52 55 56 56 58 58 58 57 56 55 54 52 52 51 50 46 44 37 22 17 22 25 28 31 32 31 31 22 21 27 32 35 36 38 37 37 38 38 37 35 34 28 27 28 31 32 30 41 60 73 77 79 81 75 76 -9999 -9999
90 90 89 89 88 88 87 87 86 81 69 82 77 73 79 79 76 75 74 74 74 74 73 73 71 65 69 69 68 67 66 64 64 63 62 60 53 54 56 54 54 56 58 58 58 58 57 56 55 54 53 53 52 51 48 46 41 31 20 21 25 25 30 31 26 30 27 19 24 23 32 35 37 39 40 39 37 36 34 29 29 31 31 32 30 36 49 62 69 75 72 59 50 52 77 -9999
91 90 90 90 89 89 88 88 87 87 83 79 70 69 73 77 78 76 75 75 75 74 74 73 72 71 70 69 69 68 66 66 65 64 63 62 61 59 58 56 56 56 57 58 58 58 57 56 55 55 54 54 53 52 49 44 39 34 28 25 21 26 27 28 27 20 23 25 20 23 31 32 32 37 38 40 37 35 33 32 32 32 36 42 35 -9999 -9999 -9999 -9999 -9999 57 41 33 63 70 -9999
91 91 91 90 90 90 89 88 90 87 86 82 68 64 61 74 75 76 76 76 75 74 73 73 72 71 70 70 69 68 68 67 66 65 64 64 62 62 59 55 55 55 56 58 58 58 58 57 56 55 56 56 55 54 52 49 44 39 44 40 22 24 25 23 22 21 17 22 23 20 31 32 32 37 39 41 37 34 36 37 26 31 44 36 31 30 -9999 -9999 -9999 -9999 -9999 -9999 -9999 -9999 -9999 -9999
92 92 91 90 91 91 90 89 95 88 87 84 78 68 57 62 73 76 76 76 74 74 73 72 71 67 66 68 66 66 66 67 66 66 65 64 63 63 61 60 55 55 53 55 58 58 58 58 55 57 56 56 56 55 54 51 49 47 46 38 29 20 18 16 18 19 16 17 19 27 33 35 35 37 36 41 39 36 42 41 35 38 42 38 34 34 32 -9999 -9999 -9999 -9999 -9999 -9999 -9999 -9999 -9999
93 92 92 92 93 91 90 89 93 89 -9999 87 85 80 74 64 72 75 74 76 75 74 73 71 69 68 62 58 60 61 65 65 64 65 64 65 64 63 63 61 61 58 52 54 57 58 58 59 58 57 57 57 57 56 55 54 52 49 46 46 40 28 21 18 11 15 25 18 17 24 31 36 34 35 34 38 39 37 44 45 40 46 38 41 39 34 32 -9999 -9999 -9999 -9999 -9999 -9999 -9999 -9999 -9999
99 93 92 96 98 96 -9999 -9999 -9999 -9999 -9999 -9999 87 84 82 65 65 72 73 71 71 73 72 71 70 68 64 60 55 55 58 63 61 62 63 63 63 64 64 63 62 61 56 59 58 59 58 58 59 58 58 58 58 57 56 55 54 52 47 47 38 30 39 31 14 20 25 16 12 18 33 38 37 33 35 36 45 40 45 47 50 44 44 40 34 37 30 -9999 -9999 -9999 -9999 -9999 -9999 -9999 -9999 -9999
102 101 98 92 -9999 -9999 -9999 -9999 -9999 -9999 -9999 -9999 -9999 85 85 82 72 78 71 68 63 68 71 69 68 67 63 55 54 54 54 58 58 59 62 62 62 62 63 63 62 62 61 60 60 60 59 60 59 59 58 59 58 58 57 56 54 53 52 47 45 42 44 37 29 34 26 18 12 16 25 35 41 36 34 40 45 39 48 48 46 46 35 36 42 32 26 -9999 -9999 -9999 -9999 -9999 -9999 -9999 -9999 -9999
93 94 -9999 -9999 -9999 -9999 -9999 -9999 -9999 -9999 -9999 -9999 -9999 -9999 87 86 82 82 76 69 69 51 65 67 67 66 61 56 53 52 53 55 57 56 58 56 60 61 62 61 62 62 61 61 60 60 60 60 60 60 59 59 60 58 58 57 55 54 54 51 49 46 47 41 39 31 30 21 19 14 21 32 43 42 35 35 47 44 48 50 51 48 44 42 38 33 28 -9999 -9999 -9999 -9999 -9999 -9999 -9999 -9999 -9999
-9999 -9999 -9999 -9999 -9999 -9999 -9999 -9999 -9999 -9999 -9999 -9999 -9999 -9999 87 86 85 82 80 74 71 63 53 60 66 65 61 61 55 56 53 51 51 53 55 55 57 59 59 59 60 61 60 60 60 61 60 60 60 60 60 60 59 60 59 57 57 57 56 53 51 49 48 43 42 39 35 27 27 16 23 37 34 41 42 44 49 47 52 51 50 45 37 35 31 28 30 -9999 -9999 -9999 -9999 -9999 -9999 -9999 -9999 -9999
-9999 -9999 -9999 -9999 -9999 -9999 -9999 -9999 -9999 -9999 -9999 -9999 -9999 -9999 -9999 87 84 77 77 80 78 70 57 55 63 65 62 57 56 52 50 48 47 50 51 53 55 55 57 57 57 59 59 59 60 61 61 59 60 60 60 60 60 61 60 59 58 58 56 54 52 51 50 44 47 39 31 37 32 32 35 39 30 36 47 48 50 46 52 52 46 42 41 34 26 37 -9999 -9999 -9999 -9999 -9999 -9999 -9999 -9999 -9999 -9999
-9999 -9999 -9999 -9999 -9999 -9999 -9999 -9999 -9999 -9999 -9999 -9999 -9999 -9999 -9999 87 83 80 82 85 82 74 67 55 57 64 61 56 56 57 46 41 37 46 49 49 52 53 54 54 56 57 57 56 58 59 59 60 60 60 60 60 61 61 61 60 59 59 57 55 55 53 51 50 49 48 43 43 42 38 41 41 36 37 43 47 49 50 52 50 48 45 41 40 40 32 -9999 -9999 -9999 -9999 -9999 -9999 -9999 -9999 -9999 -9999
-9999 -9999 -9999 -9999 -9999 -9999 -9999 -9999 -9999 -9999 -9999 -9999 -9999 -9999 -9999 87 87 88 87 85 78 76 67 63 64 62 55 54 52 52 51 47 43 43 42 46 47 49 52 52 53 55 55 55 56 58 58 58 59 58 59 60 60 61 61 61 60 61 59 57 57 55 53 51 51 50 49 49 45 46 46 45 40 43 47 52 47 54 53 48 45 38 32 37 34 -9999 -9999 -9999 -9999 -9999 -9999 -9999 -9999 -9999 -9999 -9999
-9999 -9999 -9999 -9999 -9999 -9999 -9999 -9999 -9999 -9999 -9999 -9999 -9999 -9999 -9999 87 89 87 87 86 83 80 76 75 66 66 56 54 52 50 44 47 47 46 40 40 41 47 46 48 50 50 52 53 55 57 57 57 57 58 59 59 59 61 61 61 61 62 60 58 57 56 54 53 52 53 54 52 51 50 51 49 47 47 52 53 48 55 53 47 35 30 27 22 -9999 -9999 -9999 -9999 -9999 -9999 -9999 -9999 -9999 -9999 -9999 -9999
-9999 -9999 -9999 -9999 -9999 -9999 -9999 -9999 -9999 -9999 -9999 -9999 -9999 -9999 -9999 88 86 86 83 83 74 69 66 66 66 68 68 63 54 49 39 43 43 38 36 35 35 39 41 43 48 48 50 50 53 55 56 56 56 56 57 58 59 59 59 60 61 62 62 59 58 57 54 53 60 59 59 61 58 54 54 54 55 57 55 52 49 56 53 46 32 27 25 25 -9999 -9999 -9999 -9999 -9999 -9999 -9999 -9999 -9999 -9999 -9999 -9999
-9999 -9999 -9999 -9999 -9999 -9999 -9999 -9999 -9999 -9999 -9999 -9999 -9999 -9999 -9999 86 86 85 78 69 68 60 66 68 72 76 65 60 53 42 43 47 41 42 36 37 33 33 35 41 43 43 48 46 51 54 53 55 55 56 57 56 56 57 57 57 59 61 62 60 59 60 57 59 64 65 65 66 61 55 56 58 58 56 54 47 55 57 54 46 32 33 35 25 -9999 -9999 -9999 -9999 -9999 -9999 -9999 -9999 -9999 -9999 -9999 -9999
-9999 -9999 -9999 -9999 -9999 -9999 -9999 -9999 -9999 -9999 -9999 -9999 -9999 -9999 87 87 86 84 69 67 64 58 65 66 67 70 65 65 56 48 44 52 50 51 39 39 44 36 31 33 38 41 43 44 48 52 51 52 54 54 54 54 52 54 56 56 60 61 62 62 62 61 55 60 66 66 68 68 68 58 59 60 60 60 55 56 57 58 55 39 32 38 31 25 -9999 -9999 -9999 -9999 -9999 -9999 -9999 -9999 -9999 -9999 -9999 -9999
-9999 -9999 -9999 -9999 -9999 -9999 -9999 -9999 -9999 -9999 -9999 -9999 -9999 86 86 85 84 82 70 69 65 65 65 63 65 72 60 53 53 52 52 52 57 50 49 43 47 48 39 27 28 31 39 42 46 49 49 51 51 52 51 52 52 53 55 57 58 61 62 63 63 64 64 64 66 68 69 69 69 59 58 61 62 56 59 60 61 60 42 34 31 41 33 26 -9999 -9999 -9999 -9999 -9999 -9999 -9999 -9999 -9999 -9999 -9999 -9999
-9999 -9999 -9999 -9999 -9999 -9999 -9999 -9999 -9999 -9999 -9999 -9999 83 83 84 77 71 71 70 68 68 64 64 64 67 70 61 55 52 53 48 49 56 57 53 52 51 44 42 37 24 26 32 33 44 47 48 49 49 49 49 51 50 51 53 55 57 60 62 65 65 65 66 66 68 67 67 70 70 62 60 62 64 61 54 53 60 57 43 40 37 42 29 29 -9999 -9999 -9999 -9999 -9999 -9999 -9999 -9999 -9999 -9999 -9999 -9999
-9999 -9999 -9999 -9999 -9999 -9999 -9999 -9999 -9999 -9999 88 83 72 71 71 72 70 69 69 68 67 64 63 64 64 65 67 65 64 60 58 55 58 57 53 48 48 44 39 31 34 35 30 36 43 45 45 45 46 45 44 48 47 49 51 52 56 61 62 64 65 65 65 66 66 66 61 67 68 66 63 64 64 64 59 55 61 59 54 50 42 32 33 39 40 -9999 -9999 -9999 29 25 -9999 -9999 -9999 -9999 -9999 -9999
-9999 -9999 -9999 -9999 -9999 -9999 -9999 -9999 89 87 84 74 78 71 71 71 70 69 69 66 64 62 65 64 63 63 65 61 63 60 60 59 58 57 50 49 52 50 45 36 42 42 32 38 43 42 41 40 42 44 42 46 47 47 48 50 56 60 62 64 65 66 67 67 68 68 67 70 70 70 67 66 66 67 67 61 60 57 51 42 32 29 32 38 36 -9999 -9999 34 31 31 35 -9999 -9999 -9999 -9999 -9999
-9999 -9999 -9999 -9999 -9999 90 90 90 89 84 77 71 71 71 70 71 70 70 69 67 62 63 65 65 64 60 59 53 57 57 56 54 53 56 56 55 54 53 51 44 48 42 40 36 36 34 31 30 35 41 42 41 45 46 47 51 54 58 61 63 66 66 66 68 68 69 70 71 71 70 69 68 68 68 68 65 63 56 50 41 36 36 28 37 49 47 36 35 33 42 47 -9999 -9999 -9999 -9999 -9999
-9999 -9999 -9999 -9999 91 90 89 88 87 85 78 73 71 71 71 71 70 70 70 68 66 65 66 66 65 62 59 56 58 60 54 51 48 53 56 55 53 53 51 50 48 43 43 36 40 38 37 30 31 37 39 41 40 43 42 48 54 58 60 63 65 66 68 68 68 69 69 70 71 71 70 69 69 69 68 67 67 59 54 45 43 48 37 33 55 51 41 37 50 51 41 -9999 -9999 -9999 -9999 -9999
-9999 -9999 -9999 91 89 89 87 85 86 76 74 72 71 71 71 71 71 70 70 69 67 66 67 65 64 62 61 60 59 57 55 48 47 52 54 49 48 46 48 50 50 49 48 43 42 37 38 33 33 32 31 32 38 39 43 41 50 56 60 62 63 66 66 68 69 69 69 70 71 71 70 71 71 70 69 69 69 70 60 53 43 54 57 50 59 60 51 49 58 48 44 -9999 -9999 -9999 -9999 -9999
-9999 -9999 93 91 88 86 84 79 83 76 75 74 71 71 71 70 70 69 67 66 68 65 63 63 63 62 59 57 57 54 48 43 43 52 53 50 47 45 42 43 48 48 47 45 45 43 42 37 37 29 25 28 37 33 34 37 44 51 57 58 62 64 66 66 68 69 69 70 71 71 71 71 71 71 71 71 72 71 65 58 49 61 64 68 66 60 51 61 54 40 48 56 -9999 -9999 -9999 -9999
-9999 -9999 91 89 88 87 83 78 77 79 79 76 74 72 71 70 70 72 67 65 67 66 63 63 61 60 60 58 57 55 52 47 47 52 51 47 47 45 40 44 49 47 46 44 43 43 41 41 37 28 29 30 33 36 32 32 35 37 48 55 59 62 65 66 66 68 69 71 71 71 72 72 72 72 72 72 73 73 70 63 58 61 66 71 70 66 64 56 44 36 47 62 -9999 -9999 -9999 -9999
-9999 88 88 89 87 85 84 76 72 74 77 74 71 72 70 69 71 73 66 60 65 65 64 63 60 58 59 58 57 55 51 50 50 48 49 51 51 50 46 46 47 46 45 44 41 40 39 35 34 35 32 26 25 29 37 40 41 46 49 56 55 61 64 65 66 67 69 70 71 72 72 72 73 73 73 74 74 74 73 69 62 60 75 76 71 74 67 48 39 33 44 64 -9999 -9999 -9999 -9999
89 85 85 86 86 86 85 81 73 76 72 73 70 70 70 70 72 69 68 61 65 65 65 63 62 58 58 59 56 51 49 53 48 51 51 52 51 48 43 44 46 45 41 41 37 33 31 29 31 32 30 31 31 30 30 43 46 51 48 41 44 57 62 64 65 66 68 69 70 72 72 72 73 74 74 74 75 76 75 73 71 64 73 73 70 74 61 41 39 41 50 60 66 -9999 -9999 -9999
87 85 81 74 81 83 84 79 75 71 71 71 70 69 70 69 73 69 66 63 65 64 64 63 61 57 59 59 56 53 55 54 47 51 52 52 51 48 39 42 41 44 35 36 38 37 30 27 29 31 29 27 41 41 42 39 44 44 46 39 53 59 61 62 63 66 67 68 69 72 72 73 74 74 75 75 76 76 76 77 74 70 75 81 79 69 55 53 62 57 62 71 58 47 48 -9999
89 82 77 76 75 78 78 76 71 74 74 70 69 69 69 70 71 68 62 62 63 63 63 63 62 60 60 59 57 54 55 49 42 47 52 52 51 49 47 43 38 39 35 33 32 36 32 27 26 30 28 30 39 41 43 45 47 46 52 56 56 59 60 61 63 65 67 67 69 70 72 72 70 74 75 75 76 77 77 78 78 79 81 74 70 66 56 52 77 70 72 72 52 52 47 30
92 81 79 79 75 73 73 71 72 75 75 71 69 69 68 72 69 59 60 60 63 63 61 62 61 60 59 58 57 56 55 52 51 47 46 51 52 51 49 47 46 43 36 35 31 34 30 26 28 30 30 32 30 39 43 48 49 47 50 49 45 43 59 60 62 64 64 65 66 69 68 69 69 70 72 75 76 77 77 78 79 80 84 78 74 61 53 52 76 79 76 77 57 62 47 36
85 88 89 76 75 73 71 72 71 72 76 73 69 69 71 74 68 65 58 60 61 59 60 61 58 59 58 55 57 56 55 54 52 45 40 51 53 51 50 49 45 45 44 36 32 32 30 28 33 33 32 29 29 38 43 46 38 36 46 36 37 51 46 54 56 63 63 63 64 65 66 66 66 69 69 74 75 77 77 78 78 81 84 81 78 78 69 86 84 85 81 81 65 69 56 37
81 75 79 83 74 74 72 73 75 70 74 73 69 68 72 71 70 59 59 60 59 58 60 60 59 58 57 56 56 56 55 55 54 51 45 43 50 52 50 44 38 37 36 36 32 37 34 31 33 36 33 27 28 34 42 44 37 33 42 36 43 45 44 41 44 54 57 58 62 64 65 65 65 67 69 70 76 76 76 78 79 82 85 83 83 80 89 88 87 84 86 87 70 76 59 51
75 77 76 79 73 74 70 73 75 76 74 73 69 73 83 72 66 64 58 59 58 58 58 58 58 59 58 56 56 55 54 55 54 53 50 45 42 53 50 49 41 40 40 35 35 39 39 37 34 36 34 34 30 35 43 42 29 27 32 35 40 41 43 45 48 50 54 50 52 55 55 64 59 64 70 75 76 77 77 79 80 81 88 88 86 80 90 90 88 82 90 85 81 82 74 58
72 74 75 76 72 72 73 72 73 74 80 74 71 75 81 70 67 63 55 58 57 57 58 58 58 58 57 56 55 56 54 55 53 54 52 51 47 53 50 49 47 46 46 42 37 42 42 40 35 32 30 35 35 39 41 39 26 23 17 27 30 38 42 46 45 45 43 44 43 47 54 54 52 56 69 71 76 77 78 79 81 83 86 89 89 90 91 92 91 93 93 87 83 90 87 64
73 73 72 71 72 73 71 72 72 72 80 76 77 77 83 72 68 64 57 56 55 57 57 57 57 57 56 55 55 54 54 54 53 53 53 52 53 53 52 51 52 49 48 47 44 45 44 42 39 29 29 35 36 40 39 38 34 28 19 18 27 33 34 37 40 43 44 47 48 55 58 54 56 56 67 71 77 77 78 81 82 84 86 90 90 91 92 95 94 95 94 93 87 93 92 85
72 71 71 72 72 70 70 73 73 76 73 72 80 84 71 71 69 63 54 54 56 55 56 56 57 57 56 55 54 54 53 53 52 53 51 52 54 55 52 53 52 49 49 48 46 44 42 39 39 36 32 35 32 29 35 31 34 24 21 19 23 22 26 29 30 31 39 43 51 52 58 60 60 55 57 66 71 77 81 82 83 83 88 88 91 92 93 95 96 96 95 95 97 96 96 96
