bio_13_recortado.asc
ncols        993
nrows        435
xllcorner    -105.258332676891
yllcorner    17.591666858876
cellsize     0.008333333771
NODATA_value -9999
[rows 0 to 38 of 435, columns 178 to 266 of 993]
-9999 -9999 -9999 -9999 -9999 -9999 -9999 -9999 -9999 -9999 -9999 -9999 -9999 -9999 -9999 -9999 -9999 -9999 -9999 -9999 -9999 -9999 -9999 -9999 -9999 -9999 -9999 -9999 -9999 -9999 -9999 -9999 -9999 -9999 -9999 -9999 -9999 -9999 -9999 -9999 -9999 -9999 -9999 -9999 -9999 -9999 -9999 240 237 234 -9999 -9999 -9999 -9999 -9999 -9999 -9999 -9999 -9999 -9999 -9999 -9999 -9999 -9999 -9999 -9999 -9999 -9999 -9999 -9999 -9999 -9999 -9999 -9999 -9999 -9999 -9999 -9999 -9999 -9999 -9999 -9999 -9999 -9999 -9999 -9999 -9999 -9999 -9999
-9999 -9999 -9999 -9999 -9999 -9999 -9999 -9999 -9999 -9999 -9999 -9999 -9999 -9999 -9999 -9999 -9999 -9999 -9999 -9999 -9999 -9999 -9999 -9999 -9999 -9999 -9999 -9999 -9999 -9999 -9999 -9999 -9999 -9999 -9999 -9999 -9999 -9999 -9999 -9999 -9999 -9999 -9999 -9999 -9999 242 242 236 234 233 233 237 237 238 234 230 -9999 -9999 -9999 -9999 -9999 -9999 -9999 -9999 -9999 -9999 -9999 -9999 -9999 -9999 -9999 -9999 -9999 -9999 -9999 -9999 -9999 -9999 -9999 -9999 -9999 -9999 -9999 -9999 -9999 -9999 -9999 -9999 -9999
-9999 -9999 -9999 -9999 -9999 -9999 -9999 -9999 -9999 -9999 -9999 -9999 -9999 -9999 -9999 -9999 -9999 -9999 -9999 -9999 -9999 -9999 -9999 -9999 -9999 -9999 -9999 -9999 -9999 -9999 -9999 -9999 -9999 -9999 -9999 -9999 -9999 -9999 -9999 -9999 -9999 -9999 -9999 -9999 245 241 235 234 233 233 234 238 238 238 236 230 216 206 212 216 222 228 -9999 -9999 -9999 -9999 -9999 -9999 -9999 -9999 -9999 -9999 -9999 -9999 -9999 -9999 -9999 -9999 -9999 -9999 -9999 -9999 -9999 -9999 -9999 -9999 -9999 -9999 -9999
-9999 -9999 -9999 -9999 -9999 -9999 -9999 -9999 -9999 -9999 -9999 -9999 -9999 -9999 -9999 -9999 -9999 -9999 -9999 -9999 -9999 -9999 -9999 -9999 -9999 -9999 -9999 -9999 -9999 -9999 -9999 -9999 -9999 -9999 -9999 -9999 -9999 -9999 -9999 -9999 -9999 -9999 247 247 244 244 238 234 234 234 237 238 238 239 236 232 225 208 211 219 228 229 228 -9999 -9999 -9999 -9999 -9999 -9999 -9999 -9999 -9999 -9999 -9999 -9999 -9999 -9999 -9999 -9999 -9999 -9999 -9999 -9999 -9999 -9999 -9999 -9999 -9999 -9999
-9999 -9999 -9999 -9999 -9999 -9999 -9999 -9999 -9999 -9999 -9999 -9999 -9999 -9999 -9999 -9999 -9999 -9999 -9999 -9999 -9999 -9999 -9999 -9999 -9999 -9999 -9999 -9999 -9999 -9999 -9999 -9999 -9999 -9999 -9999 -9999 -9999 -9999 -9999 -9999 -9999 249 248 245 241 239 235 235 234 235 236 238 240 238 237 233 222 210 216 220 226 229 231 229 -9999 -9999 -9999 -9999 -9999 -9999 -9999 -9999 -9999 -9999 -9999 -9999 -9999 -9999 -9999 -9999 -9999 -9999 -9999 -9999 -9999 -9999 -9999 -9999 -9999
-9999 -9999 -9999 -9999 -9999 -9999 -9999 -9999 -9999 -9999 -9999 -9999 -9999 -9999 -9999 -9999 -9999 -9999 -9999 -9999 -9999 -9999 -9999 -9999 -9999 -9999 -9999 -9999 -9999 -9999 -9999 -9999 -9999 -9999 -9999 -9999 -9999 -9999 -9999 249 246 249 248 244 240 237 236 235 235 236 238 237 240 239 236 230 208 216 219 219 216 226 224 226 229 -9999 -9999 -9999 -9999 -9999 -9999 -9999 -9999 -9999 -9999 -9999 -9999 -9999 -9999 -9999 -9999 -9999 -9999 -9999 -9999 -9999 -9999 -9999 -9999
-9999 -9999 -9999 -9999 -9999 -9999 -9999 -9999 -9999 -9999 -9999 -9999 -9999 -9999 -9999 -9999 -9999 -9999 -9999 -9999 -9999 -9999 -9999 -9999 -9999 -9999 -9999 -9999 -9999 -9999 -9999 -9999 -9999 -9999 -9999 -9999 -9999 -9999 251 249 247 250 247 243 242 237 236 235 238 239 239 239 239 240 238 220 215 216 219 222 214 222 221 230 230 230 -9999 -9999 -9999 -9999 -9999 -9999 -9999 -9999 -9999 -9999 -9999 -9999 -9999 -9999 -9999 -9999 -9999 -9999 -9999 -9999 -9999 -9999 -9999
-9999 -9999 -9999 -9999 -9999 -9999 -9999 -9999 -9999 -9999 -9999 -9999 -9999 -9999 -9999 -9999 -9999 -9999 -9999 -9999 -9999 -9999 -9999 -9999 -9999 -9999 -9999 -9999 -9999 -9999 -9999 -9999 -9999 -9999 -9999 -9999 249 248 248 252 251 249 246 244 241 240 239 237 238 237 238 240 241 238 216 215 215 219 221 228 223 223 229 231 231 230 229 -9999 -9999 -9999 -9999 -9999 -9999 -9999 -9999 -9999 -9999 -9999 -9999 -9999 -9999 -9999 -9999 -9999 -9999 -9999 -9999 -9999 -9999
-9999 -9999 -9999 -9999 -9999 -9999 -9999 -9999 -9999 -9999 -9999 -9999 -9999 -9999 -9999 -9999 -9999 -9999 -9999 -9999 -9999 -9999 -9999 -9999 -9999 -9999 -9999 -9999 -9999 -9999 -9999 -9999 -9999 -9999 -9999 243 239 234 245 251 250 249 247 244 243 241 238 235 237 238 239 241 240 239 234 217 218 220 229 234 233 232 232 232 231 230 229 229 -9999 -9999 -9999 -9999 -9999 -9999 -9999 -9999 -9999 -9999 -9999 -9999 -9999 -9999 -9999 -9999 -9999 -9999 -9999 -9999 -9999
-9999 -9999 -9999 -9999 -9999 -9999 -9999 -9999 -9999 -9999 -9999 -9999 -9999 -9999 -9999 -9999 -9999 -9999 -9999 -9999 -9999 -9999 -9999 -9999 -9999 -9999 -9999 -9999 -9999 -9999 -9999 -9999 -9999 258 257 252 243 241 241 249 247 249 249 248 246 244 243 236 239 240 240 242 239 213 212 215 217 217 226 229 234 234 232 231 231 231 230 229 228 -9999 -9999 -9999 -9999 -9999 -9999 -9999 -9999 -9999 -9999 -9999 -9999 -9999 -9999 -9999 -9999 -9999 -9999 -9999 -9999
-9999 -9999 -9999 -9999 -9999 -9999 -9999 -9999 -9999 -9999 -9999 -9999 -9999 -9999 -9999 -9999 -9999 -9999 -9999 -9999 -9999 -9999 -9999 -9999 -9999 -9999 -9999 -9999 -9999 -9999 -9999 -9999 258 258 258 257 255 245 234 242 243 245 245 249 249 247 236 234 240 242 244 239 234 199 203 210 211 216 205 223 233 233 233 232 231 230 230 229 228 227 -9999 -9999 -9999 -9999 -9999 -9999 -9999 -9999 -9999 -9999 -9999 -9999 -9999 -9999 -9999 -9999 -9999 -9999 -9999
-9999 -9999 -9999 -9999 -9999 -9999 -9999 -9999 -9999 -9999 -9999 -9999 -9999 -9999 -9999 -9999 -9999 -9999 -9999 -9999 -9999 -9999 -9999 -9999 -9999 -9999 -9999 -9999 -9999 -9999 260 256 258 258 253 250 248 246 234 240 238 243 245 250 250 248 245 237 242 243 242 238 234 199 204 209 208 205 212 230 230 234 232 230 231 231 231 229 229 228 226 -9999 -9999 -9999 -9999 -9999 -9999 -9999 -9999 -9999 -9999 -9999 -9999 -9999 -9999 -9999 -9999 -9999 -9999
-9999 -9999 -9999 -9999 -9999 -9999 -9999 -9999 -9999 -9999 -9999 -9999 -9999 -9999 -9999 -9999 -9999 -9999 -9999 -9999 -9999 -9999 -9999 -9999 -9999 -9999 -9999 -9999 -9999 244 252 252 258 259 257 250 243 240 238 233 237 248 246 243 244 246 244 234 242 245 244 241 236 210 220 224 218 209 215 230 236 235 232 230 232 232 230 224 229 228 227 225 -9999 -9999 -9999 -9999 -9999 -9999 -9999 -9999 217 216 211 -9999 -9999 -9999 -9999 -9999 -9999
-9999 -9999 -9999 -9999 -9999 -9999 -9999 -9999 -9999 -9999 -9999 -9999 -9999 -9999 -9999 -9999 -9999 -9999 -9999 -9999 -9999 -9999 -9999 -9999 -9999 -9999 -9999 -9999 245 247 250 251 259 260 255 254 251 245 238 234 232 242 243 242 239 237 234 238 243 245 245 244 240 236 234 204 203 204 232 233 236 234 231 232 233 231 226 226 230 229 226 225 224 224 -9999 -9999 -9999 -9999 -9999 218 217 216 210 209 -9999 -9999 -9999 -9999 -9999
-9999 -9999 -9999 -9999 -9999 -9999 -9999 -9999 -9999 -9999 -9999 -9999 -9999 -9999 -9999 -9999 -9999 -9999 -9999 -9999 -9999 -9999 -9999 -9999 -9999 -9999 -9999 -9999 254 250 253 259 259 259 259 256 250 244 238 233 232 242 241 239 237 232 239 244 244 246 245 244 240 235 223 217 218 216 230 219 235 235 228 232 231 229 230 231 230 229 228 226 224 224 224 222 222 220 219 219 217 215 212 215 209 -9999 -9999 -9999 -9999
-9999 -9999 -9999 -9999 -9999 -9999 -9999 -9999 -9999 -9999 -9999 -9999 -9999 -9999 -9999 -9999 -9999 -9999 -9999 -9999 -9999 -9999 -9999 -9999 -9999 -9999 -9999 261 258 257 260 260 260 259 258 253 251 244 238 236 233 237 240 240 236 236 238 240 246 246 245 242 237 234 236 232 225 222 213 229 236 233 229 234 233 232 231 231 231 230 229 227 224 224 224 223 222 221 220 219 217 216 215 213 206 205 204 -9999 -9999
-9999 -9999 -9999 -9999 -9999 -9999 -9999 -9999 -9999 -9999 -9999 -9999 -9999 -9999 -9999 -9999 -9999 -9999 -9999 -9999 -9999 -9999 -9999 -9999 -9999 -9999 260 260 258 259 261 259 262 256 252 256 251 250 246 238 233 236 238 240 239 236 239 243 246 247 245 241 239 238 240 236 232 237 237 238 236 231 231 234 233 232 232 229 228 229 229 225 226 225 224 223 222 221 220 219 218 217 216 208 207 207 206 207 -9999
-9999 -9999 -9999 -9999 -9999 -9999 -9999 -9999 -9999 -9999 -9999 -9999 -9999 -9999 -9999 -9999 -9999 -9999 -9999 -9999 -9999 -9999 -9999 -9999 -9999 -9999 263 263 264 263 261 258 250 249 250 247 246 246 255 244 232 232 235 238 236 239 235 244 246 246 246 243 244 242 240 235 241 236 238 237 237 231 232 234 233 232 231 226 225 229 230 229 228 226 224 223 222 221 220 219 215 216 208 209 210 208 208 209 209
-9999 -9999 -9999 -9999 -9999 -9999 -9999 -9999 -9999 -9999 -9999 -9999 -9999 -9999 -9999 -9999 -9999 -9999 -9999 -9999 -9999 -9999 -9999 -9999 -9999 -9999 -9999 264 265 256 254 253 249 246 246 245 241 247 252 246 234 232 233 234 234 236 237 234 235 244 244 245 244 244 243 241 235 229 233 237 237 235 235 234 233 233 232 230 227 227 226 228 226 225 224 224 223 221 220 218 208 208 209 211 211 210 210 210 210
-9999 -9999 -9999 -9999 -9999 -9999 -9999 -9999 -9999 -9999 -9999 -9999 -9999 -9999 -9999 -9999 -9999 -9999 -9999 -9999 -9999 -9999 -9999 -9999 -9999 -9999 261 263 259 247 243 249 244 244 242 240 236 239 240 241 233 233 232 231 232 235 235 246 237 234 242 245 242 240 234 231 232 237 235 232 232 236 236 235 235 233 232 228 226 225 225 228 226 226 224 223 222 221 219 215 208 208 210 210 213 212 211 212 212
-9999 -9999 -9999 -9999 -9999 -9999 -9999 -9999 -9999 -9999 -9999 -9999 -9999 -9999 -9999 -9999 -9999 -9999 -9999 -9999 -9999 -9999 -9999 -9999 -9999 261 252 255 252 244 236 241 235 233 236 234 234 233 233 232 232 232 232 231 233 233 242 246 241 247 233 228 238 242 242 232 238 240 239 239 237 237 236 232 235 230 229 229 226 226 227 227 225 225 224 223 222 221 217 210 209 209 210 211 212 214 214 213 212
-9999 -9999 -9999 -9999 -9999 -9999 -9999 -9999 -9999 -9999 -9999 -9999 -9999 -9999 -9999 -9999 -9999 -9999 -9999 -9999 -9999 -9999 243 261 269 262 256 242 237 235 231 231 231 233 233 234 233 238 235 236 236 232 231 235 237 238 241 246 249 247 245 240 235 244 241 239 242 241 240 239 238 235 234 233 233 234 231 229 226 227 227 224 224 225 224 222 222 220 218 211 211 210 211 212 213 213 214 213 213
-9999 -9999 -9999 -9999 -9999 -9999 -9999 -9999 -9999 -9999 -9999 -9999 -9999 -9999 -9999 -9999 -9999 -9999 -9999 -9999 -9999 231 230 248 266 269 268 255 235 232 233 244 247 249 243 255 251 248 250 247 242 237 231 231 238 242 246 245 247 247 247 243 236 245 244 241 242 241 240 239 238 238 237 234 233 233 230 229 227 226 228 223 223 224 223 222 221 220 215 212 213 213 213 213 214 214 214 214 213
-9999 -9999 -9999 -9999 -9999 -9999 -9999 -9999 -9999 -9999 -9999 -9999 -9999 -9999 -9999 -9999 -9999 -9999 -9999 -9999 222 214 243 264 268 266 269 265 247 233 234 247 249 252 252 255 257 260 259 252 244 241 231 230 232 235 238 244 245 249 248 246 245 243 244 243 241 241 240 239 239 236 234 233 233 228 226 226 225 224 225 223 222 222 222 221 217 216 216 216 214 214 214 214 215 215 216 216 215
-9999 -9999 -9999 -9999 -9999 -9999 -9999 -9999 -9999 -9999 -9999 -9999 -9999 -9999 -9999 -9999 -9999 -9999 -9999 255 241 236 246 262 263 264 268 269 266 243 231 233 238 253 256 258 262 259 260 259 258 249 235 230 230 230 237 244 248 249 244 247 246 244 242 238 235 237 240 240 238 233 232 231 228 227 225 226 225 225 223 219 221 220 221 221 215 214 217 217 217 216 215 215 215 216 217 217 216
-9999 -9999 -9999 -9999 -9999 -9999 -9999 -9999 -9999 -9999 -9999 -9999 -9999 -9999 -9999 -9999 -9999 -9999 274 271 262 255 252 260 268 270 270 270 265 246 231 233 246 255 260 261 254 255 260 259 255 245 240 238 229 230 233 236 245 249 248 246 242 239 242 236 233 233 238 237 229 230 227 221 223 224 225 224 224 222 222 219 220 220 220 220 216 215 215 217 218 218 216 217 217 216 218 218 218
-9999 -9999 -9999 -9999 -9999 -9999 -9999 -9999 -9999 -9999 -9999 -9999 -9999 -9999 -9999 276 276 276 275 275 274 272 271 272 271 269 265 270 267 233 236 246 258 262 263 263 260 255 260 258 255 249 247 245 239 228 235 240 244 246 248 241 240 237 237 238 234 232 235 228 227 229 215 219 224 224 225 225 224 223 222 220 218 218 221 218 218 217 216 217 218 219 218 217 218 218 217 219 219
-9999 -9999 -9999 -9999 -9999 -9999 -9999 -9999 -9999 -9999 -9999 -9999 277 277 277 276 276 276 275 275 275 274 274 273 270 272 260 255 262 227 246 262 266 266 264 263 258 253 259 259 259 258 257 250 241 228 233 238 248 249 247 245 237 237 238 239 233 228 222 215 217 216 216 221 225 224 224 224 224 219 221 216 215 216 219 219 218 218 217 218 219 219 219 218 219 219 217 217 218
-9999 -9999 -9999 -9999 -9999 -9999 -9999 -9999 267 269 273 277 278 276 275 274 272 268 272 269 272 272 274 274 273 273 256 232 238 241 244 267 267 266 265 260 248 258 260 258 259 258 257 254 241 239 229 241 247 250 248 245 237 237 237 236 230 224 220 217 219 219 219 223 224 224 224 224 223 218 218 215 215 216 218 218 218 218 218 219 220 220 220 220 219 219 218 217 217
-9999 -9999 -9999 -9999 -9999 272 267 268 265 266 272 278 276 278 278 278 276 269 250 265 249 251 266 260 256 246 236 236 256 262 269 268 267 266 265 262 255 260 260 259 259 258 257 256 244 231 232 239 237 244 249 241 238 235 234 233 225 220 214 218 214 220 224 224 224 224 224 224 223 219 218 216 215 217 217 217 218 219 219 219 220 220 219 220 220 218 218 221 220
274 276 276 276 276 278 275 269 270 275 279 279 278 278 279 278 266 267 241 240 235 226 235 232 247 246 236 229 241 247 269 269 268 266 265 258 260 260 260 260 258 257 256 257 241 236 227 228 237 242 249 248 238 235 233 229 226 219 210 214 211 222 224 224 224 224 223 223 222 218 217 216 216 217 217 217 217 217 219 219 220 220 220 220 220 219 219 222 221
265 262 275 272 274 275 277 279 278 280 279 279 279 279 277 275 253 245 233 253 274 258 238 236 263 272 261 230 233 247 268 269 268 266 259 259 260 260 260 260 258 257 256 257 254 243 234 227 234 250 243 239 234 233 232 224 226 214 202 215 212 225 220 221 223 223 223 222 222 220 218 217 217 217 217 217 217 217 219 219 219 220 220 220 220 219 220 222 221
245 252 265 256 266 266 269 280 280 280 281 280 278 279 273 239 242 229 233 268 275 268 248 253 259 264 266 251 268 256 270 269 268 267 264 261 262 262 261 261 260 258 258 257 256 237 233 229 233 247 249 239 238 239 232 220 225 215 207 218 223 224 215 219 223 222 223 222 221 219 218 218 217 217 217 217 217 217 219 219 219 220 220 221 221 220 221 222 221
232 260 243 237 242 247 261 260 279 280 279 281 281 277 278 235 234 231 242 259 272 267 238 256 260 263 266 265 267 267 263 267 269 268 266 264 263 264 263 262 261 259 258 257 254 248 246 238 227 238 250 249 247 247 234 233 226 207 208 220 224 223 215 223 223 222 222 221 220 219 219 218 218 217 217 217 217 218 219 219 219 220 220 220 221 221 221 221 221
238 235 230 231 243 233 232 247 262 254 277 282 281 267 238 235 232 234 268 270 268 261 253 257 264 272 270 267 272 272 271 270 269 267 266 260 263 264 263 262 261 260 256 256 256 255 252 241 234 232 238 248 245 245 235 230 223 219 223 217 220 216 215 223 222 222 221 221 220 220 219 219 218 218 218 218 218 219 219 219 219 220 220 220 220 220 220 220 220
233 237 236 235 237 237 234 234 244 236 265 282 277 250 235 232 235 246 260 253 273 272 251 260 270 272 269 265 273 272 271 269 268 257 258 262 263 262 263 262 261 258 255 254 256 254 254 254 248 236 230 233 241 246 242 233 230 227 228 224 225 223 222 222 222 222 221 221 219 219 219 219 218 218 218 219 218 219 219 219 219 219 219 220 220 220 220 220 219
238 247 231 232 233 245 232 235 233 237 234 264 249 236 235 234 234 233 234 255 270 272 267 273 274 273 271 273 273 272 271 268 267 254 258 254 262 263 263 262 261 260 252 251 255 252 254 254 253 242 226 233 238 247 246 245 233 230 228 224 225 222 221 223 222 221 221 220 220 219 219 219 219 218 218 218 218 218 219 219 219 219 219 219 219 219 220 220 219
255 260 231 232 236 246 232 236 236 233 237 237 241 238 235 241 260 255 235 238 246 266 271 275 276 275 274 274 274 273 270 267 264 251 255 250 258 261 263 262 261 259 251 251 257 256 255 248 248 237 224 231 242 246 247 246 243 234 228 224 223 222 220 221 222 221 220 220 219 219 219 218 218 218 218 218 218 218 218 218 218 218 219 219 219 219 219 219 218
266 259 235 238 241 260 261 241 235 235 239 239 236 236 236 237 261 262 261 236 262 250 266 275 277 276 276 275 274 273 271 265 264 245 256 262 263 264 261 261 261 260 259 258 257 256 255 243 237 232 229 228 233 242 245 243 245 241 239 229 225 223 221 222 221 220 220 219 219 219 218 218 218 218 218 218 218 218 218 218 218 217 216 217 218 218 218 217 218
